0.0 0.5 1.0
Linear 3 explicit
 0.000000 32.086244 -56.36877647002441 -9.322085702132096
 0.001000 32.0847606304236 -56.368011488115116 -9.326594391494588
 0.002000 32.08159813217839 -56.366754242725065 -9.333315008465041
 0.003000 32.07769348483697 -56.3655646921233 -9.341786778377221
 0.004000 32.073874678891734 -56.36447296596894 -9.351772161672283
 0.005000 32.070295343015474 -56.36310818340452 -9.362913871429093
 0.006000 32.06672524234247 -56.361134759523026 -9.374980685783493
 0.007000 32.06299262484128 -56.35843029298731 -9.388012590108856
 0.008000 32.05911394804818 -56.354983240633885 -9.402216747431487
 0.009000 32.055175127271504 -56.35075316828441 -9.417806893038785
 0.010000 32.0512117161224 -56.345637425489144 -9.434941795976549
 0.011000 32.047198046319345 -56.339514392034275 -9.453753438212832
 0.012000 32.043096143816896 -56.332281830123094 -9.474385212394584
 0.013000 32.038888297137895 -56.32385841629674 -9.496997830887766
 0.014000 32.03462928629683 -56.31419319637748 -9.521781987039034
 0.015000 32.030585836137895 -56.30330846162088 -9.549007410744654
 0.016000 32.02700303572213 -56.29113690611565 -9.578856687313012
 0.017000 32.02411137769176 -56.27759593952623 -9.611484578086847
 0.018000 32.022124148537046 -56.26260117497841 -9.647033063719341
 0.019000 32.02123214240286 -56.24606876482549 -9.685635936430844
 0.020000 32.02159812845974 -56.227915863736484 -9.727420516012751
 0.021000 32.023351960426425 -56.208060880967224 -9.772508434917661
 0.022000 32.02658670634647 -56.18642377704142 -9.821016082114266
 0.023000 32.03135667841382 -56.16292700147255 -9.873055426529621
 0.024000 32.037675780132616 -56.1374947803155 -9.928733345820717
 0.025000 32.04551728484788 -56.11005401115733 -9.988152191901897
 0.026000 32.05481515545569 -56.08053469096069 -10.051409992978177
 0.027000 32.065466720954866 -56.048870312753394 -10.118600601795418
 0.028000 32.07733659998219 -56.01499823122691 -10.189813793647886
 0.029000 32.090261731780046 -55.978859984349484 -10.265135305929451
 0.030000 32.104057338809596 -55.94040155802468 -10.344646809748392
 0.031000 32.1185236114383 -55.89957358340133 -10.428425805757465
 0.032000 32.133452877318426 -55.85633146005175 -10.516545439264505
 0.033000 32.148636998087355 -55.81063540250441 -10.609074233342705
 0.034000 32.16387472504987 -55.76245041223005 -10.706075742694312
 0.035000 32.17897874430784 -55.71174618177475 -10.807608135105184
 0.036000 32.19378215074865 -55.65849694192494 -10.913723711146478
 0.037000 32.2081441093496 -55.60268126622572 -11.024468376055566
 0.038000 32.2219544909419 -55.544281849578944 -11.13988108024246
 0.039000 32.23513730703039 -55.48328527885098 -11.259993246479059
 0.040000 32.24765281321591 -55.419681813374964 -11.384828202483225
 0.041000 32.25949820159392 -55.35346519201493 -11.514400637340431
 0.042000 32.270706857286875 -55.28463248124949 -11.648716099120488
 0.043000 32.28134621086377 -55.21318397578955 -11.787770549306826
 0.044000 32.29151427452448 -55.13912315985863 -11.931549987451604
 0.045000 32.30133500324514 -55.06245673372717 -12.080030156991752
 0.046000 32.31095267031306 -54.98319470664907 -12.233176340576286
 0.047000 32.32058024524041 -54.901434032340774 -12.390845215992417
 0.048000 32.33206775278397 -54.81779276465839 -12.554101061421388
 0.049000 32.34534503198093 -54.7316445003471 -12.72221787672748
 0.050000 32.360425814009744 -54.642916005548145 -12.894896226930832
 0.051000 32.37729684115549 -54.55162378597217 -13.071964375942377
 0.052000 32.39589296927733 -54.45780124204827 -13.253288457970577
 0.053000 32.41609264136989 -54.361488746679285 -13.438744998738763
 0.054000 32.43772129468498 -54.262733841224644 -13.628211313813125
 0.055000 32.46055863129068 -54.16159234081994 -13.82156199073847
 0.056000 32.48434822597147 -54.058129018141415 -14.018667703277675
 0.057000 32.508808673268405 -53.95241781977843 -14.219394959071646
 0.058000 32.533645661382124 -53.84454170867245 -14.423606202525551
 0.059000 32.55856439859169 -53.73459220578849 -14.631160022490404
 0.060000 32.583281828515155 -53.622668683175796 -14.841911358028863
 0.061000 32.60756384520095 -53.50891797815602 -15.055662074298823
 0.062000 32.633869334495934 -53.394471364205856 -15.273793992763665
 0.063000 32.66150872533144 -53.278366251010816 -15.495257646773965
 0.064000 32.69007138886029 -53.16059352694872 -15.71951898951697
 0.065000 32.719180964690295 -53.04126803727858 -15.946266121327213
 0.066000 32.748470331984954 -52.9205212240021 -16.17526587393028
 0.067000 32.77758496293293 -52.7984863213044 -16.40631758410274
 0.068000 32.80619416795261 -52.67529764355193 -16.639235746831897
 0.069000 32.83395591395693 -52.551028493475116 -16.873996694364827
 0.070000 32.858779095767176 -52.42616859927753 -17.111213388812377
 0.071000 32.880282561485274 -52.30066200129424 -17.350158527779236
 0.072000 32.89854885190301 -52.17482284637817 -17.590266406320623
 0.073000 32.916921829978016 -52.04972359617681 -17.833577871644202
 0.074000 32.935174841478684 -51.924328481799925 -18.0785737121885
 0.075000 32.95337335616307 -51.79860073654709 -18.32461927619857
 0.076000 32.97165250903415 -51.672643646865794 -18.571365687357634
 0.077000 32.990156178337614 -51.546566570587814 -18.818567858751027
 0.078000 33.00901419505863 -51.42046852019618 -19.066024939849875
 0.079000 33.028331816442694 -51.29443963840854 -19.313557691158667
 0.080000 33.04818396408801 -51.168563865912255 -19.560999175123506
 0.081000 33.06861209591338 -51.04292073713749 -19.808190871359464
 0.082000 33.08979315654576 -50.917878206051626 -20.05460575902604
 0.083000 33.11526710516701 -50.794299278905925 -20.303133008764732
 0.084000 33.141994255633925 -50.67127847697401 -20.55328094496218
 0.085000 33.16925859303529 -50.5485885595678 -20.803409741845357
 0.086000 33.19660732935308 -50.42630517711352 -21.052926369388857
 0.087000 33.22369742638518 -50.304546398598866 -21.30151320021599
 0.088000 33.25023638815632 -50.18341682434734 -21.54896937151672
 0.089000 33.27605625445797 -50.06315460460984 -21.794951641924406
 0.090000 33.305090598114184 -49.94505152199322 -22.042092368285125
 0.091000 33.336330083708205 -49.82761032903049 -22.288752871674493
 0.092000 33.369134244327675 -49.7107325275181 -22.53420449133377
 0.093000 33.402899670343174 -49.59449480509048 -22.778097683543184
 0.094000 33.43702316277062 -49.47898585381604 -23.02023020983229
 0.095000 33.47089666987886 -49.3642609448234 -23.26053106040377
 0.096000 33.50592106831161 -49.252131109982216 -23.50319915121627
 0.097000 33.540454840380484 -49.14078796471572 -23.74552602548313
 0.098000 33.57369610924341 -49.03016896128855 -23.986424638183436
 0.099000 33.605112380889615 -48.92040764234193 -24.225406805805854
 0.100000 33.63432514473459 -48.811626900136986 -24.462224354080973
 0.101000 33.66108365539292 -48.70392005200473 -24.696735918626302
 0.102000 33.690056895059826 -48.59892369006543 -24.931537045458427
 0.103000 33.72017557024356 -48.494802775287475 -25.165090370835458
 0.104000 33.75091772005906 -48.39143892107651 -25.396608477272395
 0.105000 33.78183183546995 -48.28887862042441 -25.625779958805435
 0.106000 33.809699752976016 -48.187281954367876 -25.85453776027725
 0.107000 33.83406072097589 -48.08678551906998 -26.081205328465757
 0.108000 33.85970608578019 -47.988943891672825 -26.308304930091186
 0.109000 33.885701722675755 -47.891957664359566 -26.53400672062398
 0.110000 33.91169755422379 -47.795729990871635 -26.757418949570216
 0.111000 33.93745237272881 -47.7003395024564 -26.97813879456487
 0.112000 33.96276031990881 -47.6058587258274 -27.19596215038004
 0.113000 33.987504391296504 -47.51248074234746 -27.41055332476966
 0.114000 34.016395512620186 -47.4213552065171 -27.625531322781455
 0.115000 34.04548229591126 -47.33094173592879 -27.840896127823598
 0.116000 34.073854249363556 -47.24108036242359 -28.054432273691276
 0.117000 34.10101863618569 -47.151914385507894 -28.265314923628072
 0.118000 34.12666181172262 -47.06359256579332 -28.473150264134617
 0.119000 34.15072800796115 -46.97657384920316 -28.67716146517516
 0.120000 34.17789733707517 -46.89172443708863 -28.881405838892654
 0.121000 34.20716442757687 -46.80746311644168 -29.0836996074301
 0.122000 34.23788127372032 -46.72369129613725 -29.283181324748394
 0.123000 34.26934753130894 -46.64025892032435 -29.480010874851455
 0.124000 34.29837062307879 -46.55792276156326 -29.67503118353592
 0.125000 34.32910168109825 -46.477639492278115 -29.870824906987593
 0.126000 34.36024571362959 -46.39781457242443 -30.064912509942868
 0.127000 34.39109905389571 -46.31846553830786 -30.256171479095453
 0.128000 34.42111182379234 -46.239769119999835 -30.44408494673779
 0.129000 34.44987586187912 -46.16203633927754 -30.62810689364933
 0.130000 34.48193627700845 -46.08643617429543 -30.811773285844602
 0.131000 34.515969848884396 -46.011256538766204 -30.993250349596597
 0.132000 34.55103826615617 -45.93625736639757 -31.172102301852686
 0.133000 34.5836983639688 -45.86187148623509 -31.349627157780077
 0.134000 34.613076217772345 -45.78832706790692 -31.524091076256248
 0.135000 34.64359670027935 -45.7168882537332 -31.698454251703332
 0.136000 34.67407319285344 -45.64595111059566 -31.87070400383601
 0.137000 34.70386703692753 -45.57554189299465 -32.03983859676788
 0.138000 34.73247834442069 -45.50584101514558 -32.20539847433065
 0.139000 34.75949552801145 -45.43703999796193 -32.367088164552634
 0.140000 34.78936611215775 -45.370393837991244 -32.52798396122546
 0.141000 34.820838150870536 -45.30410891953903 -32.686739349347114
 0.142000 34.85055553839451 -45.23811872581223 -32.84486074595551
 0.143000 34.87772129502007 -45.17269690896974 -33.00037089792871
 0.144000 34.90190891662278 -45.10810800968808 -33.152521123512884
 0.145000 34.92294469291346 -45.044761704704825 -33.300509236395165
 0.146000 34.945209667026866 -44.98351205899493 -33.44798732763359
 0.147000 34.96787387419231 -44.92289012749584 -33.59311534043552
 0.148000 34.990518435723075 -44.862868554021446 -33.73508096438944
 0.149000 35.01280695912398 -44.8035832953557 -33.87351765375018
 0.150000 35.03442773071049 -44.74515481008168 -34.00826090825834
 0.151000 35.05510900861282 -44.687740773064924 -34.139095005649835
 0.152000 35.07646278276878 -44.63204972425193 -34.271698156471736
 0.153000 35.09738910911448 -44.57676718425931 -34.40302801037517
 0.154000 35.11744203651387 -44.521994766625454 -34.531779307336464
 0.155000 35.136343752176664 -44.467961511503155 -34.6573231350916
 0.156000 35.15387523391476 -44.414841689181344 -34.779355598272744
 0.157000 35.16986962611938 -44.362811268301456 -34.8975987517676
 0.158000 35.188166371016116 -44.31273252166416 -35.014945697325054
 0.159000 35.20794669239016 -44.2631861133801 -35.130119876235824
 0.160000 35.228742280025806 -44.21414535775981 -35.24243788845573
 0.161000 35.25012720511148 -44.165738490552634 -35.35158410961323
 0.162000 35.27165506961814 -44.11800016358481 -35.45760253837986
 0.163000 35.29084754098277 -44.07096679666009 -35.5623815203962
 0.164000 35.30720394821463 -44.024893872796994 -35.664448696596345
 0.165000 35.324105506266 -43.98061191626789 -35.766125099669985
 0.166000 35.34084997845745 -43.936958872016056 -35.865928658218195
 0.167000 35.3570976814326 -43.89398011773803 -35.96308044040194
 0.168000 35.37258344007252 -43.85183115148152 -36.05720505000574
 0.169000 35.38706765959394 -43.81063773062965 -36.14812402095822
 0.170000 35.400333218194696 -43.77049084242832 -36.23576355373353
 0.171000 35.41219050945031 -43.731456868846 -36.32010742048277
 0.172000 35.42248468453903 -43.69360378035633 -36.40111808577391
 0.173000 35.434252516164385 -43.65757977911705 -36.48111389363608
 0.174000 35.44687199892649 -43.622225814034145 -36.5591865371351
 0.175000 35.46000834965612 -43.58751210390485 -36.6348220433256
 0.176000 35.47335474429228 -43.55345009688525 -36.70797293230332
 0.177000 35.484996046899134 -43.520078257809544 -36.78009876324355
 0.178000 35.494565095083544 -43.487548800020235 -36.85015334295402
 0.179000 35.50190902187271 -43.45603964196239 -36.91765389800097
 0.180000 35.5069583545299 -43.425680721073924 -36.98235702073579
 0.181000 35.50969360309701 -43.396554056862705 -37.044150609885264
 0.182000 35.51013700377302 -43.368707145713046 -37.10299704272509
 0.183000 35.50834926149763 -43.34216359396166 -37.158901826373395
 0.184000 35.50442643014371 -43.31693008045362 -37.211895916322504
 0.185000 35.498507039237474 -43.293002613886614 -37.26203390133732
 0.186000 35.49075065280613 -43.270363527624724 -37.30937302894636
 0.187000 35.48133723057695 -43.24898845248422 -37.35397518881895
 0.188000 35.47046187170709 -43.228847653587835 -37.395905328783776
 0.189000 35.45832950815731 -43.20990720566856 -37.43523036528347
 0.190000 35.44514974873939 -43.19213005003664 -37.472018365730015
 0.191000 35.431132008823134 -43.175476961309165 -37.50633788377936
 0.192000 35.416468147805844 -43.15980699902567 -37.53846803729169
 0.193000 35.400199084574204 -43.145013259469586 -37.56958987468269
 0.194000 35.38245037618215 -43.131143438785685 -37.59902850533646
 0.195000 35.363471433165316 -43.11825437266253 -37.62649358527685
 0.196000 35.34353680243389 -43.10637256835711 -37.65185244011394
 0.197000 35.32291779048735 -43.09549559383928 -37.675058722879335
 0.198000 35.301873316757195 -43.08560216292747 -37.69611446774811
 0.199000 35.280645642097554 -43.07666014665338 -37.71504879915237
 0.200000 35.259457411989125 -43.06863187456281 -37.73190566904621
 0.201000 35.23850924517012 -43.061477501346474 -37.74673667611064
 0.202000 35.21797777416469 -43.05515713648101 -37.759596801008705
 0.203000 35.19801417195566 -43.04963219954548 -37.7705418379813
 0.204000 35.17874319644619 -43.044866285272775 -37.77962682793364
 0.205000 35.16026275911714 -43.040825709109725 -37.78690509470488
 0.206000 35.142650621238815 -43.037480960910095 -37.79243276186503
 0.207000 35.12595592956578 -43.0348034582678 -37.79625991371586
 0.208000 35.110202445699336 -43.0327681787833 -37.79843322224579
 0.209000 35.09538986530051 -43.03135351278634 -37.798996111650396
 0.210000 35.081495456688124 -43.030541114700185 -37.79798891368589
 0.211000 35.068475978825646 -43.03031572382728 -37.795449031380244
 0.212000 35.05626982531027 -43.03066495174579 -37.791411121282216
 0.213000 35.04479933855606 -43.03157903892337 -37.78590729784251
 0.214000 35.03397323995301 -43.03305058474984 -37.77896735953712
 0.215000 35.0236891250052 -43.035074255832164 -37.77061903418069
 0.216000 35.01383597649068 -43.03764647765645 -37.76088823982492
 0.217000 35.004296653211426 -43.040765114778075 -37.74979935724491
 0.218000 34.99495031672836 -43.04442914463173 -37.73737551001432
 0.219000 34.985674763461006 -43.04863832990109 -37.72363884839383
 0.220000 34.97634863455099 -43.0533928941697 -37.70861083360289
 0.221000 34.96685348083311 -43.05869320530318 -37.69231251944643
 0.222000 34.9570756650333 -43.06453947068687 -37.674764828684495
 0.223000 34.94690808783598 -43.07093144806833 -37.655988821935814
 0.224000 34.936251728670314 -43.0778681753325 -37.63600595728108
 0.225000 34.925016995904265 -43.08534772207351 -37.61483833906717
 0.226000 34.91312488457061 -43.0933669653303 -37.59250895470839
 0.227000 34.90051184414438 -43.10195656797763 -37.56895059526472
 0.228000 34.88655613054231 -43.11085266071745 -37.54407158577336
 0.229000 34.87134435242035 -43.12025778388238 -37.518106347502716
 0.230000 34.85491502210908 -43.13020447437404 -37.491104901278575
 0.231000 34.837306947964684 -43.14068500450302 -37.46310407632387
 0.232000 34.818571346644426 -43.15168244527447 -37.43413919994844
 0.233000 34.79877415479166 -43.16317636694363 -37.40424675687637
 0.234000 34.777995815360406 -43.17514395131636 -37.37346516181495
 0.235000 34.756330341730774 -43.18756028035891 -37.341835058103236
 0.236000 34.733884136289134 -43.200398492076616 -37.30939945749242
 0.237000 34.710774701582395 -43.213629927681325 -37.276203807167164
 0.238000 34.68712929192983 -43.227224287840535 -37.24229601465738
 0.239000 34.6630835281287 -43.24114979640019 -37.20772644453983
 0.240000 34.63879043839989 -43.255443258463224 -37.172381130942355
 0.241000 34.61412596529587 -43.26978707259669 -37.13660588942933
 0.242000 34.58933095568029 -43.284266939664306 -37.10052040530201
 0.243000 34.56461026442628 -43.29890502270931 -37.06411093926101
 0.244000 34.540155301657414 -43.31368815040018 -37.027393427903064
 0.245000 34.516151819587705 -43.32859017905618 -36.9904039446626
 0.246000 34.492781145480464 -43.343578912352804 -36.95319122368322
 0.247000 34.47021953850778 -43.35861897608981 -36.91581200205985
 0.248000 34.44863697882245 -43.37367327402842 -36.87832826648224
 0.249000 34.42819579603233 -43.3887038060122 -36.84080563597219
 0.250000 34.40904928226001 -43.40367215597391 -36.80331239827501
 0.251000 34.39133710445263 -43.418547847590524 -36.7658989276855
 0.252000 34.375193459604176 -43.43339210014247 -36.728412744275474
 0.253000 34.360561162579515 -43.4479495167087 -36.691209852883674
 0.254000 34.34755951360462 -43.462312627448625 -36.654242428870546
 0.255000 34.336256686999114 -43.476530719312294 -36.617421920603846
 0.256000 34.32668383929823 -43.49063010068136 -36.58068683989784
 0.257000 34.318841430678965 -43.504628852880224 -36.543991671350355
 0.258000 34.312701862339665 -43.518542084382666 -36.5072995764083
 0.259000 34.30821123854821 -43.53238429418562 -36.47057812252752
 0.260000 34.305291057237405 -43.5461705714615 -36.433796879715246
 0.261000 34.30384006886357 -43.559917226720884 -36.39692609919604
 0.262000 34.30373636812323 -43.57364211359635 -36.35993600821268
 0.263000 34.30483972136632 -43.58736476995925 -36.32279645485957
 0.264000 34.30699410712058 -43.60110644619603 -36.285476752702884
 0.265000 34.31003043496472 -43.61489005739278 -36.24794564044225
 0.266000 34.313769401524816 -43.62874007985647 -36.21017130858779
 0.267000 34.31802443888982 -43.64268240390802 -36.172121465670934
 0.268000 34.32260470913164 -43.65674415065491 -36.13376342802024
 0.269000 34.327300807618 -43.67086173657206 -36.09525029035761
 0.270000 34.33205123502005 -43.68507235078137 -36.05638565555039
 0.271000 34.33669413040137 -43.699480990765174 -36.01708028302304
 0.272000 34.341052040351 -43.71412040817631 -35.97731383592421
 0.273000 34.344952679714176 -43.72901973387381 -35.93705832958172
 0.274000 34.3482338029134 -43.744208002105644 -35.896282601581426
 0.275000 34.3507460475543 -43.75971421346287 -35.85495419235687
 0.276000 34.35235508007958 -43.775566913291364 -35.81304031378314
 0.277000 34.352954745863045 -43.7918428987846 -35.77040658859797
 0.278000 34.35214445643572 -43.808355700345125 -35.7271051254797
 0.279000 34.34988781617461 -43.82524872458878 -35.683163762558394
 0.280000 34.34614324807532 -43.84257961878232 -35.63853840830002
 0.281000 34.34088412418074 -43.86038023065492 -35.593189623536055
 0.282000 34.33410549565513 -43.87867389519349 -35.54708358278591
 0.283000 34.32582562615776 -43.897479456015624 -35.500190550935635
 0.284000 34.31608586263769 -43.91681246685188 -35.4524836655139
 0.285000 34.304949790097844 -43.93668568402428 -35.40393819096461
 0.286000 34.292501955143194 -43.957109343702896 -35.354531082708895
 0.287000 34.278846265485804 -43.978091367843454 -35.30424072358103
 0.288000 34.26410412340401 -43.999637550770196 -35.25304674786582
 0.289000 34.248412337662145 -44.02175174717906 -35.200929904855954
 0.290000 34.23192085511931 -44.04443606913498 -35.14787193571396
 0.291000 34.2147903528357 -44.067691093312 -35.093855449932796
 0.292000 34.197231248132915 -44.091673484166186 -35.03856069550093
 0.293000 34.17894363371431 -44.11588328920179 -34.982440871725736
 0.294000 34.16019591127387 -44.140561887060514 -34.92544378464527
 0.295000 34.141511926915 -44.16571020484257 -34.867367128389205
 0.296000 34.1231585288191 -44.19142530087045 -34.80815943292743
 0.297000 34.10534328671057 -44.21770100262611 -34.74784443477398
 0.298000 34.08825454428474 -44.244526884868606 -34.68642560705168
 0.299000 34.07206334608484 -44.27189326397701 -34.62389458787301
 0.300000 34.056924401649695 -44.29979266387694 -34.560237314674595
 0.301000 34.04297453036223 -44.32821933077219 -34.495436146934615
 0.302000 34.030331110058114 -44.357168966170065 -34.42947091932838
 0.303000 34.01912306005732 -44.38674760704174 -34.3621210620577
 0.304000 34.00890036973269 -44.41653895649307 -34.293566415323376
 0.305000 33.99979399422105 -44.446769374308516 -34.22385035560259
 0.306000 33.99187183914108 -44.47751155480747 -34.152900471718965
 0.307000 33.98516747278194 -44.50879167973389 -34.08065830869027
 0.308000 33.979692145012855 -44.54062325196009 -34.00707702927707
 0.309000 33.97543864914488 -44.57301573296069 -33.932116346298386
 0.310000 33.9723830997046 -44.605977379529534 -33.85573911652233
 0.311000 33.970486249928165 -44.63951640423118 -33.77790940407851
 0.312000 33.969694796814714 -44.67364150956037 -33.69859143956949
 0.313000 33.96994279113825 -44.70836213682592 -33.617749079004554
 0.314000 33.9711312096367 -44.743610939802394 -33.53550544688379
 0.315000 33.97368589208857 -44.77931527203715 -33.45156569730765
 0.316000 33.97762271101839 -44.81566705694101 -33.36579148352743
 0.317000 33.982215087937824 -44.852387768019355 -33.278005449348996
 0.318000 33.98739657509983 -44.88967200150851 -33.188475165156255
 0.319000 33.99306550316004 -44.927595462058946 -33.09717092457457
 0.320000 33.999100261578945 -44.96618764849195 -33.00404900188927
 0.321000 34.005375140438304 -45.005468589913825 -32.909064195486565
 0.322000 34.01176605555916 -45.04545619704775 -32.81217140036884
 0.323000 34.01815345575718 -45.08616781268425 -32.713325485895936
 0.324000 34.02442431757694 -45.12762051240809 -32.61248104649589
 0.325000 34.030436999617216 -45.16971668338078 -32.509831676766595
 0.326000 34.036694652479895 -45.212407376428345 -32.40498338917279
 0.327000 34.04323572079189 -45.25588917823458 -32.29780825858695
 0.328000 34.04998994515546 -45.30016377685572 -32.18835150173756
 0.329000 34.05687949179276 -45.34525093924517 -32.07657631204224
 0.330000 34.06300951824398 -45.39081389711355 -31.962137581126765
 0.331000 34.068364066293434 -45.43710367199731 -31.845358261304817
 0.332000 34.07292103199574 -45.48422389703662 -31.726179109388482
 0.333000 34.076652347054235 -45.53221234186585 -31.604531830636525
 0.334000 34.07954028790263 -45.581090534274196 -31.48035082493584
 0.335000 34.08149631746498 -45.63063798101452 -31.354075750393832
 0.336000 34.08327551622227 -45.6810234139828 -31.22478917939997
 0.337000 34.08500507792799 -45.73233689757281 -31.092581010587736
 0.338000 34.08672681653332 -45.78457244626686 -30.957491219558477
 0.339000 34.08852773401614 -45.83788265217883 -30.819252087097595
 0.340000 34.08940601412186 -45.89159107989095 -30.677921313136032
 0.341000 34.089491075396175 -45.946095594316 -30.53366764486305
 0.342000 34.08888378647233 -46.00152200089219 -30.38637137393212
 0.343000 34.08768102495114 -46.05791396325458 -30.23591013633834
 0.344000 34.08587957650744 -46.115008315693686 -30.08278497471646
 0.345000 34.08445142900447 -46.17303657012013 -29.925857853186997
 0.346000 34.08365132061437 -46.232069684985646 -29.765223075285924
 0.347000 34.083790121074976 -46.29242641711191 -29.600379539751284
 0.348000 34.083806617837766 -46.35306644593712 -29.431826482748843
 0.349000 34.08398501151257 -46.41454412684719 -29.259468935216226
 0.350000 34.08450102378783 -46.476997682308735 -29.08309920535345
 0.351000 34.08546665999531 -46.540409429791154 -28.902648520936108
 0.352000 34.08768588116047 -46.6045074423433 -28.717997021555906
 0.353000 34.091540693355654 -46.669714325977495 -28.528439667375174
 0.354000 34.09610924523073 -46.7354907052009 -28.333662342868188
 0.355000 34.10146996198874 -46.8021430792399 -28.133948446362417
 0.356000 34.107713545524526 -46.86982594337182 -27.929030983147108
 0.357000 34.11488415895219 -46.93859339043692 -27.718644425197155
 0.358000 34.12281274423561 -47.008084185282655 -27.50340030854292
 0.359000 34.13245339440859 -47.07859174235862 -27.281896033828616
 0.360000 34.144110105210835 -47.150613313376105 -27.05344338075681
 0.361000 34.15641437649505 -47.222987519659135 -26.818525615360866
 0.362000 34.16941518633328 -47.29632724581053 -26.576964126311402
 0.363000 34.18288071204736 -47.37048514759953 -26.329147373819687
 0.364000 34.19755559031099 -47.44559367472452 -26.074099997014258
 0.365000 34.21355486511563 -47.52200465090196 -25.811169457068996
 0.366000 34.22967481855098 -47.59915489795856 -25.539984992895242
 0.367000 34.24561830481343 -47.67732648297103 -25.260840942209484
 0.368000 34.261683597658894 -47.756138524625335 -24.974210563357147
 0.369000 34.27803884450658 -47.836246665360406 -24.67870045499005
 0.370000 34.29443157662115 -47.91776309565132 -24.373988541322493
 0.371000 34.3095065200983 -48.000119743378555 -24.059721295282706
 0.372000 34.32239490795949 -48.08301278327454 -23.73753440931252
 0.373000 34.33384199248782 -48.16717400030275 -23.40546495610018
 0.374000 34.343589664082714 -48.25274292622946 -23.06332162631971
 0.375000 34.35155005527905 -48.34037082780451 -22.710186622147788
 0.376000 34.355349488335094 -48.42777006924129 -22.348781138607748
 0.377000 34.35584584855861 -48.51634051050937 -21.97699753032311
 0.378000 34.35288293427794 -48.60650160021622 -21.594583095086975
 0.379000 34.345176724599874 -48.69754131965859 -21.20179448951877
 0.380000 34.322048476832954 -48.79113408268832 -20.804071127962892
 0.381000 34.216865291210475 -48.896326493385985 -20.429261925850213
 0.382000 34.00312163468212 -49.00693571611142 -20.066051046280794
 0.383000 33.720076626567625 -49.11722539326734 -19.682661091216907
 0.384000 33.43179305632213 -49.22221442331971 -19.264922860075853
 0.385000 33.15621942852247 -49.32689319709131 -18.83196821242785
 0.386000 32.93119794683924 -49.443450252645135 -18.40434742526773
 0.387000 33.00475040191025 -49.662447293993104 -18.10621232051037
 0.388000 33.263192781336656 -49.85399732003984 -17.794020246517153
 0.389000 33.388904495425216 -49.975825342938904 -17.42821844523182
 0.390000 33.26145002223041 -50.10379837610756 -17.097537563743582
 0.391000 33.051239003114254 -50.29631940387003 -16.853296158645684
 0.392000 32.998987707522325 -50.54983551286966 -16.677426643200125
 0.393000 33.09966408739972 -50.786887987830895 -16.48151294380123
 0.394000 33.174783041141794 -50.96619526866634 -16.22226659564501
 0.395000 33.12535604610043 -51.122316343789905 -15.937787208155388
 0.396000 33.02461146001965 -51.30581577559804 -15.682053811429828
 0.397000 32.98372378191299 -51.52093433256469 -15.459248877493499
 0.398000 33.0133071585845 -51.733866229402516 -15.233886649608323
 0.399000 33.039976088653425 -51.922249356050735 -14.983176446233667
 0.400000 33.01469359155494 -52.09759660181582 -14.719619005801803
 0.401000 32.96266415918487 -52.282235156410295 -14.466669341440802
 0.402000 32.93292594461464 -52.48025902300049 -14.228750457731975
 0.403000 32.935012808245155 -52.67780794591355 -13.991847415236357
 0.404000 32.93926726244917 -52.86400351013314 -13.745143220071377
 0.405000 32.922192328742376 -53.04255779157082 -13.492747282450779
 0.406000 32.89185794292065 -53.22322880343769 -13.244900988175385
 0.407000 32.8695528740228 -53.4086878256719 -13.004635031834662
 0.408000 32.86144699275534 -53.59330106237188 -12.766560651139716
 0.409000 32.855808239885434 -53.77186032055249 -12.525693704895945
 0.410000 32.841653734413946 -53.945364983078456 -12.283270035991297
 0.411000 32.821229431176604 -54.11799467848584 -12.043728057306593
 0.412000 32.80362957873918 -54.291263139555255 -11.808871205623332
 0.413000 32.79234044471277 -54.462915153093746 -11.576734693194497
 0.414000 32.78282494931142 -54.630502726414875 -11.345114735415395
 0.415000 32.770058064261285 -54.794179341390844 -11.1143516428035
 0.416000 32.75447347179466 -54.9556993889951 -10.886377085126794
 0.417000 32.73990171068569 -55.11585329837948 -10.662195146443327
 0.418000 32.72817225605564 -55.27375034434965 -10.441145780589247
 0.419000 32.717578381697415 -55.428259396890745 -10.222298184943757
 0.420000 32.705858012748315 -55.57932249994004 -10.00574773395386
 0.421000 32.69296350654877 -55.7276565329351 -9.792304270402763
 0.422000 32.680504944773396 -55.873672321817175 -9.58251658054959
 0.423000 32.66939206060669 -56.01701912920784 -9.37622398053413
 0.424000 32.658969902610764 -56.15718642598607 -9.17298884336659
 0.425000 32.648291289582374 -56.29402007717695 -8.973416060489608
 0.426000 32.63738786313446 -56.42721090517116 -8.780418885463744
 0.427000 32.62674892685877 -56.55582981556617 -8.597104850987634
 0.428000 32.61648996387149 -56.67840396775275 -8.425956440915243
 0.429000 32.60637988158372 -56.7934339110136 -8.268782816582176
 0.430000 32.596274016602436 -56.89977648741708 -8.12679428402172
 0.431000 32.5863299499635 -56.996666584687645 -8.000607406882903
 0.432000 32.57676768112934 -57.083631094982756 -7.890219493243767
 0.433000 32.567602978201016 -57.16048493511539 -7.795112606521508
 0.434000 32.558685509956156 -57.22737896945836 -7.7144537223889795
 0.435000 32.549914164446896 -57.28477713525242 -7.647239494073077
 0.436000 32.54133105270704 -57.33333849844339 -7.592339185910008
 0.437000 32.53302069073541 -57.373795196491685 -7.548515153307715
 0.438000 32.52498830874397 -57.40690119627604 -7.514492088106357
 0.439000 32.51716540730922 -57.43343182502937 -7.489052124784123
 0.440000 32.509499859979705 -57.454171564987305 -7.47109051834855
 0.441000 32.5020017060711 -57.46987074977744 -7.459613729504207
 0.442000 32.494704400455475 -57.48120456044959 -7.453719317652784
 0.443000 32.48761110114682 -57.48876506365262 -7.452595346901557
 0.444000 32.48069270801427 -57.49307760294814 -7.45553501104911
 0.445000 32.473924778150256 -57.49461304658527 -7.4619400829810205
 0.446000 32.46730892563497 -57.49378470236094 -7.471304026924857
 0.447000 32.460858127607715 -57.490942523612674 -7.483190136504414
 0.448000 32.45457334995788 -57.48637829014004 -7.497220725685369
 0.449000 32.44844112436517 -57.48033942034986 -7.5130759839435495
 0.450000 32.44244879395693 -57.47303981011156 -7.530490845688101
 0.451000 32.43659454105415 -57.46466262746853 -7.549244769879456
 0.452000 32.43088199284422 -57.45536031636077 -7.569150038596844
 0.453000 32.42531010701324 -57.44525818526283 -7.590045294692294
 0.454000 32.419871468727905 -57.43446129974409 -7.6117939753069965
 0.455000 32.414558568176254 -57.42305999469816 -7.634282603771524
 0.456000 32.409368457129474 -57.41113167635953 -7.657416331950384
 0.457000 32.4043008227629 -57.398741030541494 -7.681113788863582
 0.458000 32.39935360771949 -57.385941523173486 -7.70530412401024
 0.459000 32.39452198584313 -57.372778330244486 -7.729926279060753
 0.460000 32.38980093382849 -57.35929077029685 -7.75492837012461
 0.461000 32.3851873779608 -57.34551313538316 -7.780265923178243
 0.462000 32.380679534265326 -57.33147473773338 -7.805899719996462
 0.463000 32.37627500971475 -57.31720045263355 -7.831794515001498
 0.464000 32.37197023172216 -57.30271191320301 -7.857918731309622
 0.465000 32.367761495509974 -57.288028556512884 -7.884244258423718
 0.466000 32.363645949056014 -57.27316799422917 -7.9107457597982265
 0.467000 32.35962138297017 -57.25814601267932 -7.937399764997936
 0.468000 32.35568540691631 -57.242976766113316 -7.964184098650839
 0.469000 32.351835145939056 -57.22767327038643 -7.991077735621261
 0.470000 32.348285823590295 -57.21235092685289 -8.01816852699879
 0.471000 32.345668985471086 -57.19728892795238 -8.045730803671864
 0.472000 32.34423978089961 -57.18257026715861 -8.07386395451675
 0.473000 32.3438292071211 -57.16826104907296 -8.102632967982155
 0.474000 32.34400459281713 -57.15440430572804 -8.132042739209432
 0.475000 32.34436326144743 -57.140997276780084 -8.161999885930754
 0.476000 32.3447736255903 -57.12799578515434 -8.192326341548904
 0.477000 32.34541725925735 -57.11534461893858 -8.222825356310238
 0.478000 32.34662384797532 -57.103011978766034 -8.253357682211558
 0.479000 32.34862496954178 -57.09100490356012 -8.283879161040147
 0.480000 32.35139399475756 -57.079357162359535 -8.31441866790635
 0.481000 32.35466863554689 -57.06809993113926 -8.34501519398908
 0.482000 32.35812541829393 -57.05723594530016 -8.375657418605243
 0.483000 32.36157559689228 -57.04673232361748 -8.406261347368591
 0.484000 32.36506351489538 -57.03654001051352 -8.436703391254484
 0.485000 32.36880098092743 -57.026618772030886 -8.466873077593663
 0.486000 32.3727901100143 -57.01699851082017 -8.496785472670341
 0.487000 32.376842612361145 -57.0077073381235 -8.526470968634142
 0.488000 32.380739887792195 -56.998744854115834 -8.555911637361358
 0.489000 32.384266368472126 -56.99010784084268 -8.58507110357572
 0.490000 32.387223730409 -56.981794633596145 -8.613904766538498
 0.491000 32.38943921109707 -56.973804874364355 -8.642363012841198
 0.492000 32.39077079183456 -56.96613917825378 -8.670392534504552
 0.493000 32.391110724236626 -56.95879859533525 -8.69793643158411
 0.494000 32.39038763264153 -56.95178419041963 -8.724933906292108
 0.495000 32.3885642989282 -56.94509578043734 -8.75131732623869
 0.496000 32.38564113607181 -56.93873367265583 -8.777016202809406
 0.497000 32.38165420658359 -56.93269752576185 -8.801955382962294
 0.498000 32.376672533266415 -56.92698612450095 -8.826054213714427
 0.499000 32.370795625811304 -56.92159734961172 -8.849226984210071
 0.500000 32.364147130831455 -56.9165280956353 -8.871380415875478
