0.0 0.5 1.0
Linear 3 explicit
 0.000000 80.088571 21.687872 42.135201
 0.001000 80.09044481787065 21.624455257027886 42.191938718623604
 0.002000 80.093664778483 21.615199890760408 42.18562479834125
 0.003000 80.09927430225326 21.60199155888305 42.176614203608544
 0.004000 80.10756249279292 21.585147761750168 42.16512353005993
 0.005000 80.11871246616184 21.564918619993556 42.151323407542435
 0.006000 80.13283473313065 21.541503947965943 42.13535014745181
 0.007000 80.14998984849555 21.515065686465157 42.117314224215384
 0.008000 80.17020371252319 21.48573703649744 42.09730650625593
 0.009000 80.19347785378366 21.45362923796882 42.07540288034857
 0.010000 80.21979629370671 21.418836659068553 42.05166772354846
 0.011000 80.24913009049156 21.38144066725297 42.02615654393791
 0.012000 80.281421429797 21.341513236323074 41.998918441339505
 0.013000 80.31661448049027 21.2991193377878 41.969997738680796
 0.014000 80.35464667435026 21.25431850199891 41.93943504698509
 0.015000 80.39544935265883 21.207166298482726 41.90726827523936
 0.016000 80.43894814164392 21.157715559054296 41.87353346479075
 0.017000 80.4850631544617 21.106017404245577 41.838265489565835
 0.018000 80.5336103337292 21.051459429741264 41.80219319037025
 0.019000 80.57088575778798 20.993570996022605 41.76452515728707
 0.020000 80.60797262486967 20.934479973297147 41.72607459633376
 0.021000 80.64557101139815 20.874407020308496 41.68698509281953
 0.022000 80.68284049759379 20.81340931495156 41.64729385243135
 0.023000 80.72091276750623 20.751711691936627 41.607147175238396
 0.024000 80.75904731699526 20.689325560565425 41.56655248527992
 0.025000 80.7975809296938 20.62637482914684 41.52559040976031
 0.026000 80.8362068861885 20.562909199866315 41.48429328991912
 0.027000 80.87502056824444 20.499017633890404 41.442719012836186
 0.028000 80.91371959125979 20.433774776898588 41.40193703156857
 0.029000 80.95270710240544 20.367976465850386 41.36115518810246
 0.030000 80.99146857296881 20.301841981611155 41.320164978192544
 0.031000 81.03036308307173 20.235474865744802 41.279030583000996
 0.032000 81.06909644703671 20.168905124391113 41.23777060035919
 0.033000 81.10778902825137 20.102205303752783 41.19642999446538
 0.034000 81.14630865762862 20.0354181693989 41.15503527145606
 0.035000 81.18468030994755 19.968601318900518 41.11362213035491
 0.036000 81.22283503973699 19.90180017525774 41.07221872437633
 0.037000 81.26059453311959 19.83408471037054 41.03187889280965
 0.038000 81.29835062901617 19.766118541768115 40.99181344563947
 0.039000 81.33565694847269 19.698160120216578 40.951752558858416
 0.040000 81.37285085726622 19.630293599944146 40.9117458470661
 0.041000 81.40967167238736 19.562536663087712 40.87180373372583
 0.042000 81.44623525360645 19.494946757643213 40.83196008392138
 0.043000 81.48242800011106 19.427555053908243 40.79223327226695
 0.044000 81.51827747242075 19.360406924430606 40.75265004547692
 0.045000 81.55372646021473 19.293537447563725 40.71323108192965
 0.046000 81.58855915413253 19.22585304531161 40.67517490615482
 0.047000 81.62331579408232 19.158250617037986 40.637333010953625
 0.048000 81.6574578024288 19.090823639276564 40.599589318841325
 0.049000 81.69139548196671 19.023659188086867 40.56199258158882
 0.050000 81.72482547050288 18.956765138350928 40.52454720733047
 0.051000 81.75789358064715 18.8901980838221 40.48728487562897
 0.052000 81.79047268504121 18.823983716423 40.45021996808749
 0.053000 81.8226027395866 18.7581654154236 40.413376767179486
 0.054000 81.85422360936147 18.692774853435697 40.376773002326566
 0.055000 81.88510936823432 18.626726547142937 40.34158219554811
 0.056000 81.91584234072505 18.560836886461438 40.306618410660995
 0.057000 81.94598786580079 18.495195801476445 40.27178652094642
 0.058000 81.9757907015562 18.42987733462575 40.237125825831086
 0.059000 82.00508664830764 18.364907035882275 40.20264988319411
 0.060000 82.03359866747036 18.300315122143516 40.168374727377824
 0.061000 82.06105033566561 18.23615209708428 40.1343271577325
 0.062000 82.08720918029448 18.1724901365832 40.10054547378111
 0.063000 82.11187380424411 18.10941749308812 40.06707650594296
 0.064000 82.13469513129434 18.046264313809527 40.03475227343303
 0.065000 82.15574362122481 17.983144953880597 40.00305993561003
 0.066000 82.17500236224203 17.92060532062799 39.971658674821754
 0.067000 82.19236147860249 17.85878313054503 39.94061764352138
 0.068000 82.20770900927084 17.79781498389309 39.91000542894272
 0.069000 82.22093317047253 17.737836638782746 39.87989019547389
 0.070000 82.23192409611138 17.67898303694792 39.85033969759883
 0.071000 82.24057521835564 17.621388142466003 39.821421198918394
 0.072000 82.24678440049456 17.565184639548253 39.793201320410404
 0.073000 82.25045489876604 17.51050352267881 39.76574583463767
 0.074000 82.25135646841869 17.456893051070438 39.739693775874
 0.075000 82.24966035506637 17.40416960421853 39.71469485471677
 0.076000 82.2454416432764 17.352920742359494 39.69039510811792
 0.077000 82.2386638707294 17.30329004745412 39.66686261849788
 0.078000 82.22928714758521 17.255410930901753 39.644160643128856
 0.079000 82.21727238150913 17.209407732721534 39.622348138070514
 0.080000 82.2025843181132 17.165396312872254 39.601480038545475
 0.081000 82.18519375220548 17.123484279544464 39.581607367184645
 0.082000 82.16507915594266 17.08377096033032 39.56277722035722
 0.083000 82.14222789335759 17.046347193343422 39.54503266912974
 0.084000 82.11663713736186 17.011294995033722 39.52841260176001
 0.085000 82.08849469699922 16.97864432155863 39.51293122076774
 0.086000 82.05648218725797 16.94834735948445 39.498565859071086
 0.087000 82.02084178462297 16.920604718992163 39.48541163262379
 0.088000 81.98182712748805 16.89555120446886 39.47353246043604
 0.089000 81.93956640002588 16.872996257881546 39.463244986998106
 0.090000 81.89459055574444 16.85253789906907 39.4541043554702
 0.091000 81.84714800677781 16.83441275275397 39.446006184201934
 0.092000 81.79741936709502 16.818673086283283 39.4389738263619
 0.093000 81.74575616401694 16.805300185820816 39.4329989194448
 0.094000 81.6908822178184 16.794093262672 39.42799175659291
 0.095000 81.63301467573461 16.785250674853103 39.424040958657244
 0.096000 81.57253606649097 16.77885070385781 39.4211815024977
 0.097000 81.50976877893372 16.774922475275147 39.4194264011961
 0.098000 81.44499685134011 16.773455133282734 39.41877080445736
 0.099000 81.37867175879644 16.774365274142152 39.41917744679886
 0.100000 81.30970593340126 16.777295840120594 39.420486801727876
 0.101000 81.23831661756657 16.7824070588568 39.42277045361842
 0.102000 81.16501415592583 16.78970643044134 39.42603175480428
 0.103000 81.09023316029997 16.799146782561202 39.43024962907133
 0.104000 81.0145108904545 16.81060951400114 39.435371085411994
 0.105000 80.93695809900049 16.82360267649899 39.4411763280326
 0.106000 80.85773643055614 16.838270519539112 39.447729803681014
 0.107000 80.77745300608089 16.85457378639488 39.45501397368766
 0.108000 80.69662258085981 16.872413920920565 39.462984803950626
 0.109000 80.61624799839294 16.891484556205565 39.47160424267934
 0.110000 80.53419093605726 16.91188952346697 39.48127930580426
 0.111000 80.45103352189551 16.93392593368922 39.491727912170404
 0.112000 80.36741793111672 16.957464450207176 39.50288874513156
 0.113000 80.28433227883075 16.98226949209102 39.51465009825343
 0.114000 80.20048019859392 17.007742703372006 39.52672827574189
 0.115000 80.11624861635549 17.03392506452211 39.53914269273051
 0.116000 80.0323786136367 17.060708291246666 39.55184201128965
 0.117000 79.94999361919375 17.087867581805106 39.564719634706414
 0.118000 79.86770890502912 17.11476771655606 39.57747439196081
 0.119000 79.78593398492796 17.141459672551377 39.590130434328714
 0.120000 79.70543924005878 17.16784587143698 39.60264150137468
 0.121000 79.62759329563008 17.19369718322287 39.614898938237914
 0.122000 79.55052989182832 17.21837421610774 39.62659961336058
 0.123000 79.47482920496118 17.24192852507486 39.637767934345725
 0.124000 79.40125967161042 17.264284696811544 39.64836815625531
 0.125000 79.331487354204 17.285224710412518 39.658296881213694
 0.126000 79.26295603774346 17.304120022978886 39.667256152917375
 0.127000 79.19650020841773 17.32103757192388 39.675277641350945
 0.128000 79.13299806113554 17.335934291837162 39.682340949212005
 0.129000 79.07179348706973 17.34810451224449 39.688111483261686
 0.130000 79.01282197514297 17.35775765095682 39.692688537585695
 0.131000 78.95685599724673 17.364928939652085 39.69608881794305
 0.132000 78.9048781915176 17.369559329537548 39.69828432286528
 0.133000 78.85551649882521 17.370941879890943 39.69893986514923
 0.134000 78.8088620147144 17.36929749915418 39.69816017885756
 0.135000 78.76560193701593 17.36470493749447 39.69598260690168
 0.136000 78.72673606958617 17.3571548423074 39.69240271000598
 0.137000 78.6818127499682 17.344162509155595 39.686242374914876
 0.138000 78.65447229457487 17.331587580571018 39.68027994831174
 0.139000 78.65187162416741 17.31971032545083 39.67464832493869
 0.140000 78.6708937302669 17.306119797730243 39.668204350046054
 0.141000 78.70679922378235 17.288378753152138 39.659792399573966
 0.142000 78.75448771294481 17.26442694790652 39.64843560496065
 0.143000 78.80933746126652 17.23278898006942 39.633434401546175
 0.144000 78.86765254668225 17.192625375026008 39.61439075082497
 0.145000 78.92680210448799 17.143677177835972 39.59118186881179
 0.146000 78.98515262138207 17.08615225199228 39.56390631438092
 0.147000 79.04188548687141 17.02059169673123 39.53282065077717
 0.148000 79.09677145017451 16.947742552249686 39.49827908854918
 0.149000 79.14903338974172 16.867819603153468 39.46093209763223
 0.150000 79.19903867480329 16.779362569162508 39.42141019985674
 0.151000 79.24815062996623 16.6849313438569 39.37921907917868
 0.152000 79.29732710883314 16.585592600790694 39.334835318583416
 0.153000 79.3472441085153 16.482238629773107 39.288657586064446
 0.154000 79.39815625820509 16.375575637536567 39.24100140917531
 0.155000 79.44975178676518 16.26565709422221 39.19248536655539
 0.156000 79.50169223623838 16.149948161084733 39.14388505508588
 0.157000 79.5542977771045 16.03110984292399 39.09397033024034
 0.158000 79.60709356181565 15.909717844716189 39.042983003234916
 0.159000 79.6595794944322 15.78634302898689 38.99116284896953
 0.160000 79.71109404775785 15.660961666318357 38.93920440792658
 0.161000 79.76132610753695 15.530921862993477 38.88798924890864
 0.162000 79.81097779917972 15.39931178144521 38.836155644537456
 0.163000 79.85990861917125 15.266875323702973 38.78399657834848
 0.164000 79.90790618958295 15.13429756076269 38.7317818602108
 0.165000 79.95400767049482 15.000245197200432 38.68122871755957
 0.166000 79.99897250952307 14.864556397285785 38.63126104575706
 0.167000 80.04308581084626 14.729069010530939 38.58136751304733
 0.168000 80.08614866905347 14.59446972060542 38.531801023980925
 0.169000 80.12885220158103 14.457033621128137 38.481960828227464
 0.170000 80.171102277181 14.314472941390228 38.4330265612638
 0.171000 80.2084526445908 14.186406001884816 38.38906729833305
 0.172000 80.23722577806538 14.079418621522521 38.3523436411639
 0.173000 80.25462058381859 13.996560359533603 38.32390235774339
 0.174000 80.25894568595177 13.939410160328217 38.30428542426461
 0.175000 80.24989419893203 13.90819361145967 38.29357027416431
 0.176000 80.2284863830746 13.901874400189476 38.29140119078589
 0.177000 80.19682012623309 13.918272010517335 38.297029707145946
 0.178000 80.15703753704857 13.954015351592325 38.309298688783144
 0.179000 80.11160242321976 14.005028636359064 38.32680911268962
 0.180000 80.06323086848278 14.066872232655621 38.348037065212104
 0.181000 80.01466716852048 14.135003935925347 38.37142342449416
 0.182000 79.96848651918322 14.20501455617902 38.395454726226575
 0.183000 79.92693676446726 14.27282991147534 38.41873249836061
 0.184000 79.89182501249286 14.334874632731816 38.44002948747494
 0.185000 79.86507740826062 14.386608049118262 38.45778709786983
 0.186000 79.84523335254787 14.425113249081413 38.471004094035415
 0.187000 79.83351775372748 14.450248874809615 38.479631953693186
 0.188000 79.8303530584726 14.462212166392645 38.483738380242585
 0.189000 79.83552655450676 14.46117740670777 38.48338319667029
 0.190000 79.84839233956075 14.447281750831102 38.478613481762295
 0.191000 79.86799763968577 14.420871775137227 38.46954819863288
 0.192000 79.89307290705966 14.383024478021227 38.45655702938587
 0.193000 79.92188179870175 14.336243054851522 38.44049920142113
 0.194000 79.95208710085527 14.28481531049003 38.42284651333258
 0.195000 79.98091506115388 14.23412892142921 38.405448297107334
 0.196000 80.00619631689753 14.18747066018354 38.389432744749854
 0.197000 80.02654293376217 14.146527688861438 38.3753789784206
 0.198000 80.04111626159536 14.11263840550792 38.36374640623691
 0.199000 80.0495981848869 14.086721746332207 38.354850455104526
 0.200000 80.05212730717767 14.069232881957912 38.3488473633564
 0.201000 80.0492152840075 14.060151912935973 38.34573030046229
 0.202000 80.04165476694547 14.05900661093916 38.345337172994476
 0.203000 80.03042715429808 14.06492576648048 38.34736893635119
 0.204000 80.01661574303458 14.07671661992951 38.35141617312597
 0.205000 80.00132791084269 14.092958200740705 38.35699113200609
 0.206000 79.98562851410114 14.112102008491647 38.36356228676381
 0.207000 79.97048564194202 14.132572052244882 38.37058867499074
 0.208000 79.95672911112075 14.152857495387087 38.37755169864573
 0.209000 79.94502153831738 14.171592722154829 38.38398260706863
 0.210000 79.93584142466855 14.187621295437078 38.38948445063881
 0.211000 79.9294773871748 14.200041832838401 38.393747827836286
 0.212000 79.92603244069792 14.208235184292937 38.39656021401842
 0.213000 79.92543704970208 14.211873408582894 38.397809042629945
 0.214000 79.92746951622098 14.210911922144113 38.397479010262906
 0.215000 79.93178214321401 14.205566860521168 38.39564430592557
 0.216000 79.93793151146842 14.19628018624838 38.39245663424474
 0.217000 79.94541114104229 14.183675425626468 38.38813002201542
 0.218000 79.95368478720258 14.168507136339299 38.38292347284752
 0.219000 79.96221866012048 14.151607299805937 38.3771225662209
 0.220000 79.97051096988537 14.13383178896278 38.37102108243211
 0.221000 79.97811739104552 14.116009874248165 38.36490367041083
 0.222000 79.9846713128745 14.098899394333952 38.3590304599734
 0.223000 79.98989808186678 14.08314974234139 38.35362435675873
 0.224000 79.99362283079141 14.069274227102532 38.34886155516965
 0.225000 79.99577189563428 14.057632701531201 38.34486557552232
 0.226000 79.99636821579969 14.04842465609751 38.34170489336608
 0.227000 79.99552146252466 14.041692308668656 38.339394000078116
 0.228000 79.99341391897886 14.037332633309962 38.337897531776285
 0.229000 79.99028332447061 14.035116800996718 38.33713694238692
 0.230000 79.98640398588279 14.03471518121518 38.33699908550011
 0.231000 79.98206745319568 14.035725885575818 38.337346012028775
 0.232000 79.97756396268475 14.037704817841304 38.338025284947754
 0.233000 79.97316568753266 14.04019531163337 38.338880152503016
 0.234000 79.96911262137556 14.042755661503936 38.339758998313236
 0.235000 79.96560167705907 14.044983154893382 38.340523590393055
 0.236000 79.9627793308398 14.046533561357483 38.34105577087384
 0.237000 79.96073789893312 14.047135403510232 38.34126235453665
 0.238000 79.95951531252433 14.046598697828122 38.34107812911283
 0.239000 79.9590980690532 14.044818194030931 38.34046696720867
 0.240000 79.9594268879936 14.04177144501323 38.3394211638051
 0.241000 79.9604044915759 14.037512294999285 38.337959201052335
 0.242000 79.96190486553574 14.032160574665504 38.336122211097624
 0.243000 79.96378333072491 14.025888933956717 38.33396945642006
 0.244000 79.965886770523 14.018907824060454 38.33157317485967
 0.245000 79.96806340750862 14.01144965963881 38.32901314326821
 0.246000 79.97017160077797 14.003753153550951 38.32637130036763
 0.247000 79.97208723665548 13.99604872418442 38.32372673778394
 0.248000 79.97370940345638 13.9885457381009 38.321151321056966
 0.249000 79.97496416789392 13.981422178424584 38.31870614329151
 0.250000 79.97580639880564 13.974817134633934 38.31643894726162
 0.251000 79.97641767227023 13.969166034163843 38.31449919440662
 0.252000 79.97685505083572 13.964727156662907 38.312975539792625
 0.253000 79.97710011619088 13.961610184536926 38.31190563215033
 0.254000 79.97710502247318 13.959808890815395 38.31128733405819
 0.255000 79.97682779298081 13.95923234826474 38.31108943454031
 0.256000 79.97625404165768 13.959731868486863 38.311260895971955
 0.257000 79.97540577827652 13.961122879023856 38.31173836344483
 0.258000 79.97433996122123 13.963202127975663 38.31245207029041
 0.259000 79.97314024860256 13.96576111965399 38.31333044989809
 0.260000 79.97190532247609 13.968596738482821 38.3143037823929
 0.261000 79.97073657555683 13.971519814746172 38.31530713484738
 0.262000 79.96972714765528 13.9743620891092 38.31628275186917
 0.263000 79.96895348879517 13.976981755330375 38.31718195814916
 0.264000 79.96846993327617 13.979267563897238 38.31796656704384
 0.265000 79.96830625059752 13.981141374078238 38.3186097565726
 0.266000 79.96846780244829 13.982559040262494 38.319096373655924
 0.267000 79.96893775690239 13.983509586500595 38.31942265077468
 0.268000 79.96968075440242 13.984012730920098 38.31959535622017
 0.269000 79.97064744551957 13.984114940481428 38.31963043988033
 0.270000 79.97177939312975 13.983884303260359 38.3195512731392
 0.271000 79.9730139251028 13.983404584447001 38.31938660858531
 0.272000 79.97428862026739 13.982768875426277 38.31916840004444
 0.273000 79.97554520037258 13.982073251029144 38.31892962541684
 0.274000 79.97673267975628 13.981410821594348 38.318702245034174
 0.275000 79.97780969172858 13.98086651034301 38.318515408981725
 0.276000 79.9787459672776 13.980512810891454 38.318394000855186
 0.277000 79.97952298904343 13.980406693086369 38.31835757568163
 0.278000 79.98013388272045 13.980587735827754 38.318419719006876
 0.279000 79.98058263971706 13.98107748014639 38.318587824837806
 0.280000 79.98088278908514 13.981879920089487 38.31886326414009
 0.281000 79.98105565320289 13.982982986935124 38.31924189429796
 0.282000 79.98112833021015 13.984360836331682 38.31971484418
 0.283000 79.98113154674022 13.985976719125052 38.320269499557014
 0.284000 79.98109751742405 13.98778620461114 38.320890609490604
 0.285000 79.9810579337703 13.989740528418032 38.32156143550124
 0.286000 79.98104218554921 13.991789854079233 38.32226487111049
 0.287000 79.98107589426142 13.993886264971938 38.3229844688306
 0.288000 79.9811798123499 13.995986338731042 38.323705323837764
 0.289000 79.98136911525751 13.998053196500317 38.324414777382266
 0.290000 79.98165308787925 14.000057961538442 38.32510291745815
 0.291000 79.9820351838377 14.001980603099554 38.32576286846718
 0.292000 79.98251341645857 14.003810179861652 38.326390874776116
 0.293000 79.98308102514923 14.005544530620021 38.326986194546656
 0.294000 79.98372735053475 14.007189487123165 38.32755082953946
 0.295000 79.98443884630647 14.008757703926499 38.32808912345896
 0.296000 79.98520015509177 14.010267212587397 38.328607265677476
 0.297000 79.98599517931373 14.011739812494367 38.3291127388838
 0.298000 79.9868080853196 14.013199408592914 38.32961374850383
 0.299000 79.98762418922041 14.014670398067167 38.33011866892551
 0.300000 79.98843068501498 14.016176194751463 38.33063553699978
 0.301000 79.98921718876755 14.017737962957412 38.331171617423806
 0.302000 79.9899760859897 14.019373612881276 38.331733057912516
 0.303000 79.99070268214483 14.021097089184716 38.33232464500211
 0.304000 79.99139516766627 14.022917964024721 38.33294966435686
 0.305000 79.99205441851429 14.024841326912542 38.33360986296288
 0.306000 79.99268366072005 14.026867947268938 38.33430550492557
 0.307000 79.9932880323644 14.028994672141021 38.33503550798679
 0.308000 79.993874078972 14.031215011722722 38.33579764450612
 0.309000 79.99444921847346 14.0335198592817 38.33658878857736
 0.310000 79.99502120993307 14.03589828980147 38.33740519016418
 0.311000 79.99559765649417 14.038338382838997 38.33824275754792
 0.312000 79.99618556786365 14.040828019340859 38.33909733083644
 0.313000 79.99679100158734 14.043355608882168 38.33996493159047
 0.314000 79.99741879581116 14.045910712339884 38.34084197655776
 0.315000 79.99807239961282 14.048484534694325 38.341725446828136
 0.316000 79.99875380071472 14.05107027278802 38.34261300720264
 0.317000 79.99946354477918 14.053663312825027 38.343503073985474
 0.318000 80.00020083579673 14.05626128160958 38.34439483257189
 0.319000 80.0009637034824 14.058863963549136 38.345288208959325
 0.320000 80.00174922118276 14.06147310194352 38.346183801539276
 0.321000 80.00255375658836 14.064092107837602 38.347082781160545
 0.322000 80.00337323747897 14.066725702638195 38.347986768456536
 0.323000 80.0042034156939 14.069379521808376 38.348897697812546
 0.324000 80.00504011434876 14.072059706380387 38.34981767715162
 0.325000 80.00587944582193 14.074772506977755 38.35074885201423
 0.326000 80.00671799099376 14.077523921780458 38.35169328128902
 0.327000 80.0075529334215 14.080319385714667 38.35265283052658
 0.328000 80.00838214536722 14.083163523433862 38.35362908714952
 0.329000 80.00920422567171 14.086059973707368 38.354623300173536
 0.330000 80.01001849222702 14.089011287957998 38.355636345380205
 0.331000 80.01082493411852 14.09201890116175 38.356668715328254
 0.332000 80.01162413029394 14.095083169365514 38.35772053223155
 0.333000 80.01241714282752 14.098203464860886 38.358791580627816
 0.334000 80.01320539347077 14.10137831768077 38.359881355947536
 0.335000 80.01399053224252 14.104605590608843 38.360989124586446
 0.336000 80.01477430636649 14.107882674300956 38.362113990881326
 0.337000 80.01555843698983 14.111206689352999 38.363254966470315
 0.338000 80.01634450990925 14.114574683112163 38.36441103784871
 0.339000 80.01713388509305 14.117983810586225 38.3655812284666
 0.340000 80.01792762822663 14.121431490807039 38.36676465240091
 0.341000 80.01872646592449 14.12491553228996 38.36796055741962
 0.342000 80.01953076505623 14.128434223722303 38.36916835611084
 0.343000 80.02034056629134 14.131986396605388 38.37038764738479
 0.344000 80.0211555879678 14.135571440262792 38.371618221625425
 0.345000 80.0219752611284 14.139189286615098 38.372860055464336
 0.346000 80.02279877833521 14.142840366021439 38.37411329662326
 0.347000 80.023625151973 14.146525539604943 38.37537824068461
 0.348000 80.02445327763814 14.150246014232753 38.37665530190825
 0.349000 80.0252819983746 14.154003246660228 38.37794498032869
 0.350000 80.02611016592171 14.157798843294731 38.37924782734888
 0.351000 80.02693669572307 14.161634461626013 38.38056441190584
 0.352000 80.02776061315345 14.165511718664312 38.38189528904197
 0.353000 80.02858108919803 14.169432110793414 38.383240972394326
 0.354000 80.0293974646097 14.173396948358825 38.38460191174195
 0.355000 80.03020926233148 14.177407307147801 38.385978476351205
 0.356000 80.03101618866106 14.181463997751964 38.38737094445949
 0.357000 80.03181812422318 14.18556755270048 38.38877949885861
 0.358000 80.03261510628228 14.189718230269182 38.390204228202336
 0.359000 80.03340730425748 14.193916033049604 38.391645133380194
 0.360000 80.03419499049406 14.198160738733161 38.3931021380843
 0.361000 80.03497850840144 14.202451940144806 38.39457510255092
 0.362000 80.03575824000023 14.206789091347003 38.39606383938571
 0.363000 80.03653457474655 14.211171556622736 38.39756813037744
 0.364000 80.03730788124074 14.215598659312398 38.39908774326117
 0.365000 80.03807848310487 14.2200697277966 38.400622447502066
 0.366000 80.0388466399515 14.224584136352167 38.402172028319214
 0.367000 80.0396125339906 14.229141339124661 38.40373629834689
 0.368000 80.04037626245444 14.233740896021164 38.40531510652221
 0.369000 80.04113783568002 14.238382489895004 38.40690834398386
 0.370000 80.04189718039301 14.24306593493883 38.40851594695306
 0.371000 80.04265414749628 14.247791176694758 38.41013789673702
 0.372000 80.04340852348841 14.252558284509679 38.41177421713921
 0.373000 80.04416004452705 14.257367437593693 38.41342496967391
 0.374000 80.04490841210563 14.262218906072526 38.41509024706237
 0.375000 80.04565330932826 14.267113028556222 38.416770165533244
 0.376000 80.04639441683742 14.272050187781357 38.41846485646171
 0.377000 80.04713142756333 14.277030785830156 38.42017445786339
 0.378000 80.04786405961269 14.282055220298384 38.42189910621395
 0.379000 80.04859206678469 14.28712386259211 38.42363892899928
 0.380000 80.04931524638317 14.29223703929576 38.425394038320306
 0.381000 80.05003344417457 14.297395017290508 38.42716452578453
 0.382000 80.05074655651137 14.30259799302755 38.42895045882426
 0.383000 80.05145452979247 14.307846086093711 38.43075187848798
 0.384000 80.05218490349361 14.313053726505332 38.43253941268767
 0.385000 80.05299853861055 14.318056077178289 38.43425648072618
 0.386000 80.05395195079092 14.322738721174215 38.435863808733885
 0.387000 80.05508639775007 14.327039250743272 38.43733997511134
 0.388000 80.05642093510272 14.330944063788507 38.43868031090837
 0.389000 80.05794992693185 14.334481777214407 38.439894638941354
 0.390000 80.05964463029198 14.337714451613847 38.44100426164736
 0.391000 80.06147162143603 14.34072606512113 38.442038004705914
 0.392000 80.0679850019545 14.344990021979237 38.44350161742124
 0.393000 80.0766072811304 14.349335757689792 38.44499330090774
 0.394000 80.08549907646304 14.353046652538927 38.446267073850954
 0.395000 80.09349804363043 14.355854981117236 38.44723103890633
 0.396000 80.10000205755219 14.357851928795831 38.4479164956561
 0.397000 80.10481745233861 14.359362904064284 38.44843514129093
 0.398000 80.10801316143103 14.360820776069406 38.44893555911204
 0.399000 80.10980241459629 14.362657670171593 38.449566077114284
 0.400000 80.11045896934544 14.365226274594125 38.45044775631789
 0.401000 80.11026534879609 14.368754078264846 38.45165868280527
 0.402000 80.1094857437584 14.373328325340596 38.45322880332813
 0.403000 80.10835500695433 14.37890571169465 38.4551432536482
 0.404000 80.10707622823176 14.385338921394643 38.45735146724278
 0.405000 80.10582154514519 14.392411797059811 38.45977924760827
 0.406000 80.10473318797985 14.399875910542228 38.46234132122811
 0.407000 80.10392368280345 14.407483120286487 38.46495251295937
 0.408000 80.10347537129775 14.415010883412158 38.467536434461394
 0.409000 80.10343995619402 14.422279155006185 38.470031284915756
 0.410000 80.10383881859708 14.429159292006478 38.47239290730411
 0.411000 80.10466460472895 14.435576324944645 38.47459556818907
 0.412000 80.10588424096011 14.441506311899083 38.476631049452564
 0.413000 80.1074432354666 14.446970418063083 38.47850661609444
 0.414000 80.10927092137621 14.452027076394728 38.48024232535805
 0.415000 80.11128619813172 14.456763246923177 38.48186802646758
 0.416000 80.11340331530427 14.461285504613642 38.48342030151781
 0.417000 80.11553728719105 14.465711484958423 38.48493952915416
 0.418000 80.1176086006963 14.47016209514377 38.486467211038274
 0.419000 80.11954679800269 14.47475495283683 38.48804371969706
 0.420000 80.12106306120805 14.479531695554146 38.48968334730104
 0.421000 80.12194137538307 14.484561909162043 38.49140997935417
 0.422000 80.12214331247294 14.489925316526127 38.49330231380703
 0.423000 80.12013776301694 14.500422324337439 38.49716786038716
 0.424000 80.11581985078851 14.515561535773394 38.50274290880359
 0.425000 80.1092830015326 14.53485199613528 38.50984666390648
 0.426000 80.10076937057813 14.557981022124888 38.518363979373085
 0.427000 80.09054981739439 14.584884664258311 38.52827130566313
 0.428000 80.07880591730941 14.615782144742434 38.53964937184381
 0.429000 80.06555469104515 14.65114990318074 38.552673627862916
 0.430000 80.05066284106368 14.691556312187178 38.56755337820463
 0.431000 80.03402293756092 14.737182494887298 38.584355321864294
 0.432000 80.01586067980298 14.78716654107691 38.60276205848475
 0.433000 79.99634017190867 14.841195310642208 38.62265827351991
 0.434000 79.97565703544198 14.898966193320938 38.643932530064944
 0.435000 79.95401511049135 14.960180551728643 38.66647485423621
 0.436000 79.93160683316339 15.02453974698579 38.690175271599486
 0.437000 79.90857142484849 15.091658422844027 38.71498876820497
 0.438000 79.88293035404496 15.164526258060231 38.74368719699987
 0.439000 79.85500239951827 15.243743530787793 38.774886302150264
 0.440000 79.82477849536231 15.328610338932975 38.808310432771414
 0.441000 79.7924182635287 15.418522375842416 38.843721587400196
 0.442000 79.75821317815752 15.512949722154307 38.880911061428215
 0.443000 79.72252814088338 15.611412179583915 38.919689732505475
 0.444000 79.68555571932654 15.712889572801526 38.96031076818758
 0.445000 79.6456244874434 15.820239501819437 39.005400118087564
 0.446000 79.6033380484453 15.93425194325524 39.05328786784203
 0.447000 79.55882426490632 16.0541155478941 39.10363323569241
 0.448000 79.51231489327719 16.17911484858331 39.15613570959391
 0.449000 79.46397707118841 16.308151441710397 39.210876812297585
 0.450000 79.41189684993643 16.442906382350245 39.271084250571235
 0.451000 79.35699566255536 16.58482551347518 39.33449258997609
 0.452000 79.2995285697327 16.73304050332955 39.40071386900314
 0.453000 79.23984986985798 16.886784443680373 39.46940543915284
 0.454000 79.17730035592314 17.041847574503727 39.542899075607025
 0.455000 79.11185232532281 17.205197508401554 39.62035185187207
 0.456000 79.04368122059331 17.375980552842123 39.70132896142274
 0.457000 78.97259534771246 17.552039090265414 39.78660089839997
 0.458000 78.89699747520459 17.735626613271876 39.878780537392515
 0.459000 78.81782359855416 17.92849973000145 39.97562247134212
 0.460000 78.73515833697166 18.129175321482432 40.07756082192028
 0.461000 78.64714276950032 18.338254591192637 40.18850698696612
 0.462000 78.55549560804573 18.558784630731914 40.305529397687536
 0.463000 78.46981224279612 18.78994118728719 40.431163890074906
 0.464000 78.38809007018324 19.033360597875543 40.56742315197606
 0.465000 78.3079037419621 19.290243098232487 40.7112890904144
 0.466000 78.22381475192302 19.557101885789173 40.86859997881152
 0.467000 78.13637642010335 19.83908014193503 41.03482365938492
 0.468000 78.04399002597648 20.130506019264846 41.2139705924253
 0.469000 77.95652858416955 20.44046912597579 41.40608619708151
 0.470000 77.86949316529518 20.762772220118173 41.61434399049684
 0.471000 77.7812719771159 21.104492767597563 41.83722538625311
 0.472000 77.69006876117751 21.46206305938446 42.08115628263134
 0.473000 77.60691198803963 21.843710525608234 42.34151250631421
 0.474000 77.77978845463556 21.75049593295395 42.27792242401648
 0.475000 78.04667034960465 21.670363837261288 42.22325710024367
 0.476000 78.35311060680849 21.65997769128573 42.216171689563055
 0.477000 78.68971740577719 21.709599281173205 42.25002303126331
 0.478000 79.09765278354439 21.72099348428583 42.2577959593705
 0.479000 79.57772958273948 21.705812081561728 42.24743914046579
 0.480000 80.11009756587343 21.704761204099107 42.246721427981115
 0.481000 80.70175353492036 21.708249053101124 42.249101517137056
 0.482000 81.34074550727658 21.70673482603875 42.2480677746799
 0.483000 80.76162656784155 21.662800427964108 42.21809734005
 0.484000 80.52023441930663 21.786221066517378 42.30229375148799
 0.485000 80.68972112723603 21.73089918156984 42.264553715457815
 0.486000 80.58210471831327 21.692531851147876 42.23837990453871
 0.487000 80.47577363595501 21.71796425823688 42.255729642179936
 0.488000 80.38097934350336 21.730910653714563 42.26456154787491
 0.489000 80.31955741577121 21.723437594470283 42.2594634998128
 0.490000 80.26065310667812 21.721555490972733 42.25817954735861
 0.491000 80.20895743045905 21.724635603852164 42.26028077036767
 0.492000 80.16748115074702 21.725173018740676 42.26064738966841
 0.493000 80.1354992579269 21.724784346447677 42.260382241293975
 0.494000 80.10972580487268 21.72507408723693 42.260579899683634
 0.495000 80.09041164510853 21.725507128514153 42.26087531624505
 0.496000 80.07666370429688 21.725650574559545 42.26097317376187
 0.497000 80.06766699379675 21.725768125324496 42.26105336576169
 0.498000 80.06245372746349 21.7259158872375 42.261154167505296
 0.499000 80.06046024333351 21.726037820733644 42.2612373493511
 0.500000 80.06099977964553 21.72611903671882 42.261292754106464
