0.0 0.5 1.0
Linear 9 0.001
29.904493258621464	-56.54653641771407	-10.830235208399888	80.088571	21.687872	42.135201	-17.554897000000004	21.687872	42.135201
29.90355500812245	-56.54803397496782	-10.862182426356286	80.09044481787065	21.624455257027886	42.191938718623604	-17.55302313887605	21.626856138042843	42.19357657615385
29.90181286014189	-56.546137940678044	-10.880230715120128	80.093664778483	21.615199890760408	42.18562479834125	-17.549802890928127	21.621837398989186	42.19015284149157
29.898673619562455	-56.54278104426785	-10.905359741105991	80.09927430225326	21.60199155888305	42.176614203608544	-17.54419220435051	21.616099007366522	42.18623816689
29.89388917838846	-56.537821699151394	-10.93657518903758	80.10756249279292	21.585147761750168	42.16512353005993	-17.535900715554888	21.610417665469097	42.1823624110526
29.887266859353204	-56.53120373026018	-10.973052335358464	80.11871246616184	21.564918619993556	42.151323407542435	-17.52474325824845	21.605365229115925	42.17891568842221
29.878657384824177	-56.522924024884105	-11.014104189212468	80.13283473313065	21.541503947965943	42.13535014745181	-17.510606378710385	21.601364601353502	42.176186499318035
29.867945819311817	-56.513010655787866	-11.05915710045276	80.14998984849555	21.515065686465157	42.117314224215384	-17.493425628316295	21.598729263853734	42.1743886978685
29.855044707716644	-56.50150823594809	-11.107731799387192	80.17020371252319	21.48573703649744	42.09730650625593	-17.473170237228473	21.59769134658613	42.173680640866905
29.83988884563679	-56.48846825486032	-11.159428427597152	80.19347785378366	21.45362923796882	42.07540288034857	-17.449832831237202	21.598421653302587	42.17417884896103
29.82243127073511	-56.47394283517803	-11.21391453526602	80.21979629370671	21.418836659068553	42.05166772354846	-17.423422585182294	21.60104402852967	42.17596780767485
29.8026401736865	-56.457980827319645	-11.270915312144819	80.24913009049156	21.38144066725297	42.02615654393791	-17.393960711159053	21.60564573334327	42.17910704566025
29.780496373522578	-56.44063290038972	-11.330211148370667	80.281421429797	21.341513236323074	41.998918441339505	-17.361496476588314	21.61226957922188	42.18362576848886
29.755992086627753	-56.421938106218064	-11.391621847865537	80.31661448049027	21.2991193377878	41.969997738680796	-17.32607634650025	21.62094371672432	42.189543180196395
29.72912923772337	-56.40192784540522	-11.4550041716598	80.35464667435026	21.25431850199891	41.93943504698509	-17.287752789769755	21.631677157556474	42.19686542848041
29.699918325976935	-56.380625883890076	-11.52024701563075	80.39544935265883	21.207166298482726	41.90726827523936	-17.246583709180072	21.644462743104	42.20558762980424
29.668377534264508	-56.35804864008974	-11.587267247434783	80.43894814164392	21.157715559054296	41.87353346479075	-17.202632150594397	21.659279413194675	42.21569541712453
29.63453202913921	-56.334205636491724	-11.656006088257922	80.4850631544617	21.106017404245577	41.838265489565835	-17.1559661931841	21.676093963997857	42.227166139113
29.598261274966244	-56.30887653452605	-11.726961367927768	80.5336103337292	21.051459429741264	41.80219319037025	-17.106757209784156	21.694784538300482	42.23991666397835
29.566730897197342	-56.29139645369642	-11.80796540663254	80.57088575778798	20.993570996022605	41.76452515728707	-17.068886245602727	21.696765445781594	42.24126802166766
29.53503210879679	-56.27351368845626	-11.891853503666672	80.60797262486967	20.934479973297147	41.72607459633376	-17.03115142159386	21.697570903026726	42.24181749671606
29.502829688342903	-56.2545996092784	-11.978069628709356	80.64557101139815	20.874407020308496	41.68698509281953	-16.992841687683644	21.698307423393814	42.242319943701595
29.47054418589047	-56.23512238453446	-12.067007980545043	80.68284049759379	20.81340931495156	41.64729385243135	-16.95480933647648	21.69794991690291	42.24207605627231
29.43762038167066	-56.214168295377824	-12.15788785512034	80.72091276750623	20.751711691936627	41.607147175238396	-16.915902708084722	21.69816933407099	42.24222574051651
29.40440644739389	-56.19217152956159	-12.251084199208137	80.75904731699526	20.689325560565425	41.56655248527992	-16.876872885162648	21.69804319776082	42.24213969156002
29.370736527443377	-56.16879235740038	-12.346329210627058	80.7975809296938	20.62637482914684	41.52559040976031	-16.837375242270674	21.698126629776603	42.24219660806431
29.336757588503993	-56.144154193386186	-12.44375970281608	80.8362068861885	20.562909199866315	41.48429328991912	-16.797720935446797	21.698079763636994	42.242164636442304
29.302425477975	-56.11809161931024	-12.543276924135533	80.87502056824444	20.499017633890404	41.442719012836186	-16.757811357110768	21.698111293830465	42.24218614603139
29.2675902344958	-56.090269323552555	-12.64572479524038	80.91371959125979	20.433774776898588	41.40193703156857	-16.717949304036978	21.69797697475626	42.24209451031763
29.232262986883235	-56.060721692234644	-12.750317812749854	80.95270710240544	20.367976465850386	41.36115518810246	-16.677724181071234	21.698177640675553	42.242231407199014
29.196765946433988	-56.02981662942366	-12.857214300301157	80.99146857296881	20.301841981611155	41.320164978192544	-16.637663502368575	21.698042722562583	42.242139367382556
29.16093491860008	-55.997200902676724	-12.966184128030665	81.03036308307173	20.235474865744802	41.279030583000996	-16.59739840323219	21.6981245695257	42.24219520257938
29.124919950296597	-55.96299354311189	-13.077404860326375	81.06909644703671	20.168905124391113	41.23777060035919	-16.55723043952655	21.69807056183935	42.242158359064085
29.0886717557888	-55.927015324388655	-13.190800132097145	81.10778902825137	20.102205303752783	41.19642999446538	-16.517035584793824	21.69809840713694	42.24217735485324
29.05226220487559	-55.889270954852975	-13.306452566580589	81.14630865762862	20.0354181693989	41.15503527145606	-16.476949707927403	21.698074632335334	42.24216113591601
29.01568748061719	-55.849652939782516	-13.424348681799984	81.18468030994755	19.968601318900518	41.11362213035491	-16.43694707459555	21.698080960263333	42.24216545276626
28.978988684690716	-55.8081234424469	-13.544534527717849	81.22283503973699	19.90180017525774	41.07221872437633	-16.39709895578637	21.698067425487956	42.24215621947468
28.94196004598047	-55.76424984451672	-13.667792494658226	81.26059453311959	19.83408471037054	41.03187889280965	-16.35758145133191	21.69794803260885	42.242074766087626
28.90460367832845	-55.71811636052237	-13.793470286870543	81.29835062901617	19.766118541768115	40.99181344563947	-16.317993974366694	21.698125918043218	42.24219612252259
28.8672243905935	-55.670083040296305	-13.921676892794952	81.33565694847269	19.698160120216578	40.951752558858416	-16.278801446375823	21.697995295765445	42.24210701328293
28.829667775796416	-55.61982201297282	-14.052203827955156	81.37285085726622	19.630293599944146	40.9117458470661	-16.23965442817761	21.698063159389704	42.24215330918283
28.792066652583287	-55.567442304607965	-14.185218109650199	81.40967167238736	19.562536663087712	40.87180373372583	-16.20082394994276	21.698007148166166	42.242115098874116
28.754372813423103	-55.512782070177565	-14.320646387988816	81.44623525360645	19.494946757643213	40.83196008392138	-16.162190178191217	21.69802540081394	42.24212755065149
28.7166480726516	-55.45584943312751	-14.458558152348889	81.48242800011106	19.427555053908243	40.79223327226695	-16.12387199806792	21.697996979410043	42.24210816184771
28.678886339811918	-55.396552886829426	-14.598930387978875	81.51827747242075	19.360406924430606	40.75265004547692	-16.085841496472774	21.697995582072444	42.24210720859744
28.64112217942517	-55.33486601128732	-14.741790849145398	81.55372646021473	19.293537447563725	40.71323108192965	-16.04815925221161	21.697976337900773	42.24209408041168
28.60311907942089	-55.27030418632434	-14.888009395836104	81.58855915413253	19.22585304531161	40.67517490615482	-16.011037435501258	21.697829393802287	42.24199383004965
28.56489771426515	-55.20308513790256	-15.036698346375118	81.62331579408232	19.158250617037986	40.637333010953625	-15.973922588831762	21.69803663033909	42.242135211322406
28.526758825632854	-55.133586215780426	-15.188111475098092	81.6574578024288	19.090823639276564	40.599589318841325	-15.937380833053638	21.69787542730113	42.242025240187694
28.4885102208522	-55.06144766544832	-15.341958033385183	81.69139548196671	19.023659188086867	40.56199258158882	-15.900982864019376	21.697952594196742	42.24207788268832
28.450303724139054	-54.98683583086356	-15.49840309315159	81.72482547050288	18.956765138350928	40.52454720733047	-15.865047870007452	21.697881566269814	42.2420294281317
28.412075641657395	-54.90959353467924	-15.657316088795305	81.75789358064715	18.8901980838221	40.48728487562897	-15.829423661596827	21.697899238526972	42.24204148397243
28.373893964019775	-54.82976849770638	-15.81873821037041	81.79047268504121	18.823983716423	40.45021996808749	-15.794245058648876	21.697861542885704	42.242015768374856
28.33574670145637	-54.74729129999054	-15.982596636807447	81.8226027395866	18.7581654154236	40.413376767179486	-15.759471210079603	21.6978559102522	42.24201192584736
28.29767043060456	-54.662171281296466	-16.148878176143032	81.85422360936147	18.692774853435697	40.376773002326566	-15.725166849661107	21.697829295790566	42.24199376972213
28.25943731631264	-54.57394338648266	-16.318376948600935	81.88510936823432	18.626726547142937	40.34158219554811	-15.691552598475418	21.697674317145868	42.24188803814276
28.221046123699473	-54.48290536776402	-16.490232986919743	81.91584234072505	18.560836886461438	40.306618410660995	-15.658029035857595	21.697836979433482	42.2419990114281
28.18273935004789	-54.38939270678787	-16.664595687469955	81.94598786580079	18.495195801476445	40.27178652094642	-15.625058480201417	21.697739131220025	42.24193226033486
28.144404704319154	-54.29320138933326	-16.84121905639043	81.9757907015562	18.42987733462575	40.237125825831086	-15.592382679138495	21.69776250070177	42.241948202766515
28.106127082596203	-54.19443633635847	-17.02012179986542	82.00508664830764	18.364907035882275	40.20264988319411	-15.560176786647894	21.697714950968177	42.24191576480379
28.06806196451861	-54.093280974817745	-17.201389473644433	82.03359866747036	18.300315122143516	40.168374727377824	-15.528737512753338	21.69724775707396	42.241597049701944
28.030381889698255	-53.989912199750215	-17.385097869296153	82.06105033566561	18.23615209708428	40.1343271577325	-15.49836306393096	21.696015623219594	42.24075650004606
27.993251670127496	-53.884471019476265	-17.571283540139355	82.08720918029448	18.1724901365832	40.10054547378111	-15.46930678191515	21.693737499667765	42.239202386456014
27.956830683322387	-53.777074954451905	-17.75995229659345	82.11187380424411	18.10941749308812	40.06707650594296	-15.441790438839561	21.690178219756323	42.236774280536586
27.92112059243808	-53.667517947459515	-17.951655801836363	82.13469513129434	18.046264313809527	40.03475227343303	-15.416177295368165	21.685036830174013	42.23326687156405
27.886235712615054	-53.55616320922651	-18.146313671246933	82.15574362122481	17.983144953880597	40.00305993561003	-15.392406433563266	21.678084032193443	42.228523744151836
27.852377639971397	-53.44321024516435	-18.343519650751617	82.17500236224203	17.92060532062799	39.971658674821754	-15.370513756955575	21.669298906859844	42.22253061763257
27.819670184709295	-53.32871024044443	-18.543166271191392	82.19236147860249	17.85878313054503	39.94061764352138	-15.350625855743566	21.658598745564483	42.21523107232311
27.78824013588617	-53.212725672581165	-18.745141618715646	82.20770900927084	17.79781498389309	39.91000542894272	-15.332871995788679	21.645894626947765	42.20656444694244
27.758216326335663	-53.09532821417974	-18.94932858938591	82.22093317047253	17.737836638782746	39.87989019547389	-15.317381630399446	21.631094466073627	42.19646792204842
27.72972878209803	-52.97659712400851	-19.15560449483227	82.23192409611138	17.67898303694792	39.85033969759883	-15.304282443747582	21.614105318137135	42.184878091604766
27.70290792672791	-52.856617972387774	-19.363840922921085	82.24057521835564	17.621388142466003	39.821421198918394	-15.293698758344597	21.594835160351597	42.17173217856709
27.677883819457904	-52.735481593378196	-19.573903784623166	82.24678440049456	17.565184639548253	39.793201320410404	-15.285750191279611	21.573194309927903	42.15696900221434
27.654785412390815	-52.61328318905137	-19.785653498297762	82.25045489876604	17.51050352267881	39.76574583463767	-15.28055048090124	21.54909658809978	42.14052977223564
27.633631012581308	-52.48988038599238	-19.999361319963178	82.25135646841869	17.456893051070438	39.739693775874	-15.278340556803727	21.522382261553943	42.122305518224714
27.61442730166553	-52.365567926294894	-20.215070588611454	82.24966035506637	17.40416960421853	39.71469485471677	-15.278946178085228	21.49289012484587	42.102186273115045
27.597338937442572	-52.24056795446719	-20.432254148429227	82.2454416432764	17.352920742359494	39.69039510811792	-15.282306017932477	21.460711742474487	42.08023449560136
27.582452526209096	-52.114944417053344	-20.650705612178417	82.2386638707294	17.30329004745412	39.66686261849788	-15.28846621233852	21.425858874659376	42.05645821029377
27.569856050912037	-51.98877576903957	-20.870225682935796	82.22928714758521	17.255410930901753	39.644160643128856	-15.297475906676986	21.38832953620097	42.030856062908676
27.55963703471587	-51.862150458737446	-21.09061999287631	82.21727238150913	17.209407732721534	39.622348138070514	-15.30938263799738	21.348114368150878	42.003421668863076
27.55188096907343	-51.73516355862734	-21.311697721424064	82.2025843181132	17.165396312872254	39.601480038545475	-15.324228970691273	21.305201294346233	41.974146789916816
27.546669942437823	-51.60791421010186	-21.533270768302046	82.18519375220548	17.123484279544464	39.581607367184645	-15.342050015274445	21.259578958060594	41.94302367862227
27.5440814237306	-51.48050364985101	-21.755153321090642	82.16507915594266	17.08377096033032	39.56277722035722	-15.362871574410526	21.211239287484197	41.910046828469795
27.544187167807415	-51.35303365592385	-21.97716170279223	82.14222789335759	17.046347193343422	39.54503266912974	-15.386708740559804	21.160179434450043	41.875214296467725
27.54705221983687	-51.225605300952786	-22.19911441733512	82.11663713736186	17.011294995033722	39.52841260176001	-15.413564825570369	21.10640325743669	41.83852871483238
27.552853470032005	-51.098586203323784	-22.420551419836503	82.08849469699922	16.97864432155863	39.51293122076774	-15.443258032742051	21.049257370040134	41.80076030991825
27.562300528131395	-50.972784437497424	-22.64244936185706	82.05648218725797	16.94834735948445	39.498565859071086	-15.47719980408504	20.987162660019706	41.76035524952286
27.575301126383806	-50.847879699772314	-22.864547260579936	82.02084178462297	16.920604718992163	39.48541163262379	-15.515116677801899	20.920921839858426	41.717252311448966
27.591827641748612	-50.72376051265963	-23.08650582928663	81.98182712748805	16.89555120446886	39.47353246043604	-15.556730220104939	20.85089972881797	41.67168888532246
27.611806098345063	-50.60024763167159	-23.308226013708005	81.93956640002588	16.872996257881546	39.463244986998106	-15.601885621620639	20.77733819999236	41.62382235773269
27.63503029802754	-50.477496380452195	-23.529769426047654	81.89459055574444	16.85253789906907	39.4541043554702	-15.650004325547215	20.700388093262745	41.57375088136986
27.661440015619156	-50.3555040960038	-23.750717428042357	81.84714800677781	16.83441275275397	39.446006184201934	-15.700812392121456	20.620404876395046	41.52170575820875
27.690952187241166	-50.23424227234362	-23.970792796712086	81.79741936709502	16.818673086283283	39.4389738263619	-15.754103109465923	20.537664773200305	41.4678667276001
27.723584799348092	-50.11395236714614	-24.189484455279537	81.74575616401694	16.805300185820816	39.4329989194448	-15.809505747457493	20.45179171989707	41.4131039526595
27.760136678786058	-49.995725940855564	-24.40770741191887	81.6908822178184	16.794093262672	39.42799175659291	-15.868379099413758	20.360383570344744	41.35644910495026
27.80027866484282	-49.87891513207898	-24.625371863132095	81.63301467573461	16.785250674853103	39.424040958657244	-15.930445283932194	20.265027526734066	41.297347347539755
27.84383895033919	-49.763315590537964	-24.842096993220952	81.57253606649097	16.77885070385781	39.4211815024977	-15.995275898017695	20.166296296325573	41.23615364646466
27.890650973852882	-49.64879205650547	-25.057562560555787	81.50976877893372	16.774922475275147	39.4194264011961	-16.06250646869011	20.064659282077855	41.17315893808038
27.94054868550842	-49.53525671381257	-25.27149516823136	81.44499685134011	16.773455133282734	39.41877080445736	-16.131813581888856	19.960515105137564	41.10861028811465
27.993453556787337	-49.42287974738479	-25.483403249597913	81.37867175879644	16.774365274142152	39.41917744679886	-16.202713709308988	19.853640014675893	41.04340657606526
28.050249243260247	-49.31291260329841	-25.694153433359922	81.30970593340126	16.777295840120594	39.420486801727876	-16.276357904426455	19.741089202670942	40.97705887219017
28.110449424058007	-49.20447015215116	-25.903820727743316	81.23831661756657	16.7824070588568	39.42277045361842	-16.352454300937787	19.625023570686363	40.90863921151898
28.17377868614134	-49.097274792233215	-26.112021471678403	81.16501415592583	16.78970643044134	39.42603175480428	-16.430438119487853	19.506181610227177	40.83858292983574
28.23996805774698	-48.99113257716927	-26.318441402210688	81.09023316029997	16.799146782561202	39.43024962907133	-16.509826904146017	19.385175730403446	40.76725103687947
28.30881343272122	-48.88607276486641	-26.52262422229812	81.0145108904545	16.81060951400114	39.435371085411994	-16.590044114715	19.262106847046965	40.69546875461789
28.381276196511628	-48.78356742848948	-26.72529012248905	80.93695809900049	16.82360267649899	39.4411763280326	-16.672028446727623	19.133352761803206	40.62339590422416
28.45671461832272	-48.68249858275404	-26.926689073220018	80.85773643055614	16.838270519539112	39.447729803681014	-16.75554286706906	19.001660685983456	40.549678449748455
28.534753273125112	-48.58252635365688	-27.126424895125865	80.77745300608089	16.85457378639488	39.45501397368766	-16.839928865866312	18.867928507540345	40.474819004221054
28.615028936843608	-48.483412274037455	-27.324179665298296	80.69662258085981	16.872413920920565	39.462984803950626	-16.924629581043924	18.732899699853817	40.39923374275888
28.697388853715303	-48.38553163987608	-27.519029234099435	80.61624799839294	16.891484556205565	39.47160424267934	-17.00861553865363	18.59570603899842	40.32512142332112
28.78274916873235	-48.2894563351039	-27.71228084100367	80.53419093605726	16.91188952346697	39.48127930580426	-17.094061197795874	18.454591019755267	40.250239934949214
28.870612553715972	-48.19457386464076	-27.903675779274387	80.45103352189551	16.93392593368922	39.491727912170404	-17.180330849075887	18.311472889067876	40.174295502501366
28.960563620123658	-48.10056391650494	-28.0928953456896	80.36741793111672	16.957464450207176	39.50288874513156	-17.266742969793633	18.167253146034753	40.09776650872759
29.052336056179126	-48.007598205868156	-28.27916533953163	80.28433227883075	16.98226949209102	39.51465009825343	-17.35228339714213	18.021652830523905	40.02239480298237
29.146798772828525	-47.91685331821094	-28.463860751558123	80.20048019859392	17.007742703372006	39.52672827574189	-17.438261029636045	17.87166145323541	39.94708387211953
29.243221135473494	-47.82724049147906	-28.64711713734762	80.11624861635549	17.03392506452211	39.53914269273051	-17.524245605209863	17.719968738423646	39.87091869093875
29.341079394981435	-47.73833853058491	-28.828546013898762	80.0323786136367	17.060708291246666	39.55184201128965	-17.609471613052015	17.567716868301805	39.794472756886094
29.440016605971522	-47.65028101214219	-29.00725781031303	79.94999361919375	17.087867581805106	39.564719634706414	-17.692804287684183	17.41473172966746	39.71970289980876
29.54089960439831	-47.56424386505731	-29.1847207330638	79.86770890502912	17.11476771655606	39.57747439196081	-17.775630492073397	17.25796200181795	39.64537023824057
29.642927554992923	-47.4790968908885	-29.361043069588202	79.78593398492796	17.141459672551377	39.590130434328714	-17.85752336067928	17.10024377216024	39.57058783574884
29.74550749080613	-47.3943889754169	-29.535805134040817	79.70543924005878	17.16784587143698	39.60264150137468	-17.9377112510862	16.942848201726036	39.49595842275098
29.848264805867945	-47.31039027711185	-29.707845583212897	79.62759329563008	17.19369718322287	39.614898938237914	-18.014834125659604	16.785296227833722	39.424061298244126
29.952018269639908	-47.228056383056696	-29.879133818200422	79.55052989182832	17.21837421610774	39.62659961336058	-18.09075110884588	16.625117083841374	39.35249454332054
30.055973054849844	-47.1463879207293	-30.04955597795616	79.47482920496118	17.24192852507486	39.637767934345725	-18.164894500250256	16.46485861635891	39.28089233421892
30.159496213011394	-47.064925562397285	-30.218671217703978	79.40125967161042	17.264284696811544	39.64836815625531	-18.23651993394062	16.30587588020224	39.209860111732105
30.26222626371304	-46.98412419022873	-30.384976599466576	79.331487354204	17.285224710412518	39.658296881213694	-18.30398820482032	16.147256570587235	39.14275450377884
30.36495271504749	-46.904653156492024	-30.55112085630554	79.26295603774346	17.304120022978886	39.667256152917375	-18.369839357182208	15.987300623683412	39.075569488164504
30.466922960767576	-46.82570483995656	-30.716664306414984	79.19650020841773	17.32103757192388	39.675277641350945	-18.433278152018794	15.828090331880901	39.00869764051497
30.56751295874816	-46.74690203521151	-30.881002913015593	79.13299806113554	17.335934291837162	39.682340949212005	-18.493472208871324	15.67080882122326	38.943082636034234
30.667917053108482	-46.67017588813046	-31.04466926734412	79.07179348706973	17.34810451224449	39.688111483261686	-18.5510315843662	15.510280437385232	38.879859784399706
30.767168478352076	-46.59398380477171	-31.208181946603244	79.01282197514297	17.35775765095682	39.692688537585695	-18.60608405086778	15.350500915209594	38.81693186549843
30.864594160142943	-46.51779612066307	-31.37101709068478	78.95685599724673	17.364928939652085	39.69608881794305	-18.657917261193163	15.193044124996138	38.754918736470245
30.959654705086386	-46.44152938919425	-31.53234289138014	78.9048781915176	17.369559329537548	39.69828432286528	-18.705607823596964	15.038485144560056	38.69531069196426
31.053587227229812	-46.36696133621066	-31.69333565186136	78.85551649882521	17.370941879890943	39.69893986514923	-18.75045929905395	14.882132413207614	38.637733452899425
31.145524701307423	-46.29279865014088	-31.854236999677198	78.8088620147144	17.36929749915418	39.69816017885756	-18.79246266452936	14.727393041739374	38.580750333832114
31.234831010748287	-46.21855144627114	-32.01452620986446	78.76560193701593	17.36470493749447	39.69598260690168	-18.83100366267552	14.575791642464306	38.52492278003354
31.32101183413126	-46.14421094569366	-32.173274805334984	78.72673606958617	17.3571548423074	39.69240271000598	-18.865147691519404	14.427742564989835	38.47190660784736
31.41206569336098	-46.07887731441481	-32.33799510602391	78.6818127499682	17.344162509155595	39.686242374914876	-18.904627852302227	14.259484439043726	38.41415163509263
31.489995926823966	-46.00068481608529	-32.492687248555576	78.65447229457487	17.331587580571018	39.68027994831174	-18.927527021927965	14.125554804970449	38.36817998914737
31.547876022191033	-45.90531981987316	-32.6317200904392	78.65187162416741	17.31971032545083	39.67464832493869	-18.927434129806116	14.042010092821407	38.33950308018223
31.586142133282017	-45.79771616690954	-32.756472422215474	78.6708937302669	17.306119797730243	39.668204350046054	-18.907435038693485	14.002364061173001	38.3258944913064
31.606902166920122	-45.68365090896152	-32.869683880317595	78.70679922378235	17.288378753152138	39.659792399573966	-18.872016122717227	13.996431294550726	38.32385805591452
31.613069422847147	-45.568549330707896	-32.97460154949621	78.75448771294481	17.26442694790652	39.64843560496065	-18.825922488035253	14.013116190417762	38.32958518367222
31.607699605445248	-45.45678808076203	-33.07436479242249	78.80933746126652	17.23278898006942	39.633434401546175	-18.77341541542271	14.042305036414309	38.339604320234706
31.59355869890517	-45.35141447411584	-33.171630449602084	78.86765254668225	17.192625375026008	39.61439075082497	-18.7178847091632	14.075904001178461	38.351137239914664
31.572898266560504	-45.254164470752656	-33.26840158370645	78.92680210448799	17.143677177835972	39.59118186881179	-18.66173377496939	14.10819332428828	38.362220622173794
31.547389871935174	-45.16566119471251	-33.36600620368223	78.98515262138207	17.08615225199228	39.56390631438092	-18.606446948303805	14.135711558325859	38.371666317455094
31.51816510081638	-45.085695445244276	-33.465171445410235	79.04188548687141	17.02059169673123	39.53282065077717	-18.552758218845504	14.156870748100996	38.378929256592755
31.485913854213887	-45.01351695757654	-33.5661466664078	79.09677145017451	16.947742552249686	39.49827908854918	-18.500858408674198	14.17146221396699	38.38393780983187
31.451590968239096	-44.94860505094245	-33.6696728595293	79.14903338974172	16.867819603153468	39.46093209763223	-18.451468500753364	14.178219651487456	38.386257314039554
31.415119527722666	-44.88960889240469	-33.77720168442811	79.19903867480329	16.779362569162508	39.42141019985674	-18.40425368593744	14.177090596797415	38.38586976479888
31.37623590811275	-44.835302328912775	-33.88702404601437	79.24815062996623	16.6849313438569	39.37921907917868	-18.35788443239212	14.171348279995538	38.383898701729095
31.334445711915404	-44.7841329747857	-33.99810777558223	79.29732710883314	16.585592600790694	39.334835318583416	-18.311445912802405	14.163803996008578	38.38130910939924
31.289363075435556	-44.73496039243814	-34.10954652312222	79.3472441085153	16.482238629773107	39.288657586064446	-18.264285595250428	14.156648866637717	38.378853095261235
31.24085695201266	-44.68714084395387	-34.220695626786274	79.39815625820509	16.375575637536567	39.24100140917531	-18.21614611873499	14.15111286660689	38.376952850885814
31.18905304504794	-44.64028611263855	-34.33147529262263	79.44975178676518	16.26565709422221	39.19248536655539	-18.167316868789364	14.147282555892108	38.37563808638006
31.133812238873677	-44.5939263232296	-34.44369303498913	79.50169223623838	16.149948161084733	39.14388505508588	-18.11813222409608	14.143790439921673	38.37443941156751
31.075542376833983	-44.54868879641706	-34.555877080505375	79.5542977771045	16.03110984292399	39.09397033024034	-18.068225679482502	14.141435671373157	38.373631132001876
31.01466859843049	-44.50463751229079	-34.66782797414857	79.60709356181565	15.909717844716189	39.042983003234916	-18.018034205815162	14.13983040511595	38.37308012077227
30.951673094108386	-44.46186745148996	-34.779391845745536	79.6595794944322	15.78634302898689	38.99116284896953	-17.96802312281619	14.138480472975777	38.37261675354913
30.887008061284902	-44.420223668581976	-34.89074580407983	79.71109404775785	15.660961666318357	38.93920440792658	-17.918828398352403	14.136700547444953	38.37200578749991
30.82057005724862	-44.379090092120265	-35.00378713204452	79.76132610753695	15.530921862993477	38.88798924890864	-17.870766595568014	14.13313311736616	38.37078126178808
30.752646541310686	-44.338937075582315	-35.11669088389263	79.81097779917972	15.39931178144521	38.836155644537456	-17.82311512383074	14.129295600188836	38.369464025445
30.683462497351957	-44.29955551813967	-35.22896995833531	79.85990861917125	15.266875323702973	38.78399657834848	-17.776003456224046	14.125554684119084	38.36817994764969
30.613305626317924	-44.2608474219993	-35.340215951062845	79.90790618958295	15.13429756076269	38.7317818602108	-17.72963336286805	14.122056387491252	38.3669791495209
30.542428827523313	-44.22208974033043	-35.4511708979946	79.95400767049482	15.000245197200432	38.68122871755957	-17.68496389992967	14.117955934067876	38.36557163618282
30.47070787706579	-44.183540343427794	-35.562236147495014	79.99897250952307	14.864556397285785	38.63126104575706	-17.641238963980406	14.113230211140717	38.36394954477671
30.39836499076543	-44.14538858537347	-35.67226330358534	80.04308581084626	14.729069010530939	38.58136751304733	-17.59816664207778	14.108803800369781	38.36243016939527
30.325663831113395	-44.10758966595871	-35.780809779555824	80.08614866905347	14.59446972060542	38.531801023980925	-17.555942454053245	14.104842109727013	38.36107031023774
30.25197322912373	-44.07005699170425	-35.89060373917633	80.12885220158103	14.457033621128137	38.481960828227464	-17.51388508436611	14.099741722788405	38.35931958756472
30.176815409452185	-44.03166889356623	-36.00285702676702	80.171102277181	14.314472941390228	38.4330265612638	-17.472086014471977	14.093416765281955	38.35714853523265
30.104413632562427	-43.99286472302414	-36.1036134466058	80.2084526445908	14.186406001884816	38.38906729833305	-17.4349654779528	14.093058576488861	38.3570255861456
30.038171699517243	-43.95539222870722	-36.1890371561191	80.23722577806538	14.079418621522521	38.3523436411639	-17.406240471640537	14.096905237084215	38.358345961012944
29.98120216332509	-43.92132529328036	-36.258291722305266	80.25462058381859	13.996560359533603	38.32390235774339	-17.38878501283616	14.100973249678667	38.35974231543897
29.936009610511015	-43.89211794507344	-36.31151862360274	80.25894568595177	13.939410160328217	38.30428542426461	-17.384371355543117	14.101807487182834	38.36002866933413
29.904133963885425	-43.868308843141484	-36.34945982535107	80.24989419893203	13.90819361145967	38.29357027416431	-17.393368951704524	14.097370175147645	38.35850555207263
29.88603441714624	-43.84955023377912	-36.37326404501178	80.2284863830746	13.901874400189476	38.29140119078589	-17.414784976470585	14.087221786941106	38.355022095160294
29.88113853494984	-43.83481052847825	-36.38439633184352	80.19682012623309	13.918272010517335	38.297029707145946	-17.446512086830523	14.07229271120175	38.34989765657679
29.888570575603268	-43.82327626925893	-36.385196116882994	80.15703753704857	13.954015351592325	38.309298688783144	-17.48637464654812	14.05276398925239	38.34319437916098
29.90691336230498	-43.813962455992225	-36.378312648324595	80.11160242321976	14.005028636359064	38.32680911268962	-17.531862249027704	14.029140221301716	38.33508546806121
29.934231809506088	-43.805698691529095	-36.36642431903947	80.06323086848278	14.066872232655621	38.348037065212104	-17.580213386082562	14.002464162553844	38.325928851329536
29.968238865202437	-43.797277186833824	-36.35211751116373	80.01466716852048	14.135003935925347	38.37142342449416	-17.628652649310325	13.97410689386868	38.316195155532824
30.00647029335294	-43.787578794644766	-36.337789570166386	79.96848651918322	14.20501455617902	38.395454726226575	-17.674596157950525	13.945559455224075	38.30639618347297
30.046452712848925	-43.77566687393598	-36.325572192357	79.92693676446726	14.27282991147534	38.41873249836061	-17.715811579440533	13.918251774567013	38.29702276111075
30.08585284230848	-43.76084566070705	-36.31727230798734	79.89182501249286	14.334874632731816	38.44002948747494	-17.75052744685876	13.893414275548176	38.28849723411168
30.122207015775093	-43.74278648920179	-36.3153503760466	79.86507740826062	14.386608049118262	38.45778709786983	-17.776870891179435	13.871222018282122	38.281286118496325
30.155468726107745	-43.72306357933585	-36.32283639345788	79.84523335254787	14.425113249081413	38.471004094035415	-17.796325389347388	13.847271757943432	38.27364976506113
30.183650929236975	-43.700276938959476	-36.33887393797126	79.83351775372748	14.450248874809615	38.479631953693186	-17.807718296615086	13.825342747142697	38.26665787096216
30.205390388488105	-43.67382842016185	-36.36254153325498	79.8303530584726	14.462212166392645	38.483738380242585	-17.810667680475916	13.807749558702083	38.26104842001358
30.21986024828261	-43.64375992366459	-36.393206381056935	79.83552655450676	14.46117740670777	38.48338319667029	-17.805409467878107	13.795402023434177	38.25711150467535
30.226670617483922	-43.61053204087616	-36.43050974787313	79.84839233956075	14.447281750831102	38.478613481762295	-17.792594417485297	13.788149518352192	38.254799099982506
30.225806888123053	-43.57481118273562	-36.474133373624106	79.86799763968577	14.420871775137227	38.46954819863288	-17.77316335572501	13.785255396242698	38.25387633171507
30.217663444307796	-43.53732048732147	-36.52336752227086	79.89307290705966	14.383024478021227	38.45655702938587	-17.74835916052237	13.785875047639095	38.254073902730454
30.203189090736416	-43.498790004484825	-36.57658084309193	79.92188179870175	14.336243054851522	38.44049920142113	-17.719879147195442	13.789409475166188	38.255200827386446
30.18403106315869	-43.46001316697016	-36.63098173217327	79.95208710085527	14.28481531049003	38.42284651333258	-17.69001440597941	13.795528421363086	38.25715180566731
30.162450823364072	-43.42194250848235	-36.68316468932016	79.98091506115388	14.23412892142921	38.405448297107334	-17.661495788617913	13.803750776900603	38.25977343961548
30.140522273834094	-43.385692448469506	-36.731451128270955	80.00619631689753	14.18747066018354	38.389432744749854	-17.636468687914792	13.812361717322421	38.26251897082437
30.119915651353715	-43.352157179995515	-36.77534652449877	80.02654293376217	14.146527688861438	38.3753789784206	-17.61631445896399	13.819407109308115	38.26476533912201
30.101988758268373	-43.32181960037119	-36.814497319896056	80.04111626159536	14.11263840550792	38.36374640623691	-17.601875113187226	13.823598653590839	38.266101780332754
30.087745422732517	-43.29480532797251	-36.848709109334536	80.0495981848869	14.086721746332207	38.354850455104526	-17.593476943791664	13.824264523329367	38.26631408770691
30.077827066701307	-43.27095678235491	-36.87796778060573	80.05212730717767	14.069232881957912	38.3488473633564	-17.590990078198125	13.821243622405493	38.2653508970034
30.072528523405534	-43.24991222373725	-36.90245294040782	80.0492152840075	14.060151912935973	38.34573030046229	-17.593909550800937	13.81475830860933	38.26328310526978
30.071830892430597	-43.23118014468669	-36.92253748428524	80.04165476694547	14.05900661093916	38.345337172994476	-17.601446540724943	13.805289004508975	38.26026389149576
30.075445802500987	-43.21420375521809	-36.93877129773557	80.03042715429808	14.06492576648048	38.34736893635119	-17.61262120752724	13.793464238988838	38.25649365721512
30.082866720133975	-43.19841339592613	-36.9518503041876	80.01661574303458	14.07671661992951	38.35141617312597	-17.626350927928414	13.779972141575207	38.25219180716152
30.093423854160832	-43.183266702369096	-36.962574224453036	80.00132791084269	14.092958200740705	38.35699113200609	-17.641529681131836	13.765494315644075	38.247575665256505
30.106339826343046	-43.16827747741987	-36.97179752469357	79.98562851410114	14.112102008491647	38.36356228676381	-17.657095896349993	13.750660012035329	38.24284586322368
30.12078370831189	-43.15303476229365	-36.98037827956682	79.97048564194202	14.132572052244882	38.37058867499074	-17.67208731895429	13.736017118539586	38.23817709081284
30.135921361310245	-43.13721374789309	-36.989129295443405	79.95672911112075	14.152857495387087	38.37755169864573	-17.685682418111462	13.722016166339712	38.23371299637854
30.150960329446516	-43.120580099161785	-36.99877506143342	79.94502153831738	14.171592722154829	38.38398260706863	-17.69722858719902	13.70900388949764	38.22956413337272
30.1651878710922	-43.10298908882193	-37.00991712933	79.93584142466855	14.187621295437078	38.38948445063881	-17.706257913272104	13.697223514546211	38.22580805267879
30.17800108159997	-43.08438072474122	-37.02300952508218	79.9294773871748	14.200041832838401	38.393747827836286	-17.712491648316295	13.686819666043533	38.222490866709364
30.18892845904992	-43.06477184898599	-37.038344868795946	79.92603244069792	14.208235184292937	38.39656021401842	-17.715834739552363	13.677846407410419	38.219629813164595
30.197642677087426	-43.044246008251584	-37.05605108479252	79.92543704970208	14.211873408582894	38.397809042629945	-17.71636190542953	13.67027742702656	38.21721650278954
30.203964734354173	-43.022941754325856	-37.076097939001826	79.92746951622098	14.210911922144113	38.397479010262906	-17.714296811915546	13.664017713221007	38.215220641853755
30.20786002812901	-43.00103993163182	-37.098312146160374	79.93178214321401	14.205566860521168	38.39564430592557	-17.709985937357047	13.658916256375209	38.21359408211788
30.209427233253923	-42.978750444157626	-37.12239943151381	79.93793151146842	14.19628018624838	38.39245663424474	-17.70386873093733	13.654779404726114	38.21227507922733
30.208881142915583	-42.956298960197635	-37.14797169697257	79.94541114104229	14.183675425626468	38.38813002201542	-17.696445675705704	13.651384518545356	38.21119264624075
30.2065308359242	-42.93391400125226	-37.17457731920779	79.95368478720258	14.168507136339299	38.38292347284752	-17.688245857462107	13.648493547462502	38.210270882653774
30.202754669571917	-42.91181485950072	-37.201732590565804	79.96221866012048	14.151607299805937	38.3771225662209	-17.679795602128465	13.6458661237306	38.209433149084596
30.197973654521327	-42.89020078315856	-37.22895239886505	79.97051096988537	14.13383178896278	38.37102108243211	-17.671589659042596	13.64327173956611	38.208605949923864
30.1926247477026	-42.86924184751828	-37.25577842407345	79.97811739104552	14.116009874248165	38.36490367041083	-17.664066259336394	13.640500572921463	38.20772238504784
30.187135503085706	-42.84907188065001	-37.28180339915919	79.9846713128745	14.098899394333952	38.3590304599734	-17.657587157009615	13.637372551793018	38.206725039902274
30.18190135410206	-42.829783730351004	-37.30669032318667	79.98989808186678	14.08314974234139	38.35362435675873	-17.652423465689395	13.633744306500951	38.205568202182704
30.17726657492875	-42.811427043025816	-37.33018590432131	79.99362283079141	14.069274227102532	38.34886155516965	-17.648747748870846	13.6295137518925	38.204219322834234
30.173509694216516	-42.79400858259936	-37.352127920931785	79.99577189563428	14.057632701531201	38.34486557552232	-17.64663242965115	13.624622162269343	38.20265967762584
30.170833830947764	-42.77749496104818	-37.37244659034354	79.99636821579969	14.04842465609751	38.34170489336608	-17.64605418976179	13.619053742109536	38.20088423027852
30.16936210714792	-42.76181749812722	-37.39116039833057	79.99552146252466	14.041692308668656	38.339394000078116	-17.646903662373184	13.612832843258515	38.198900745188304
30.169137986267266	-42.746878793592344	-37.408367144274685	79.99341391897886	14.037332633309962	38.337897531776285	-17.648999421497486	13.606019120379205	38.19672824277931
30.170130108543205	-42.73256049563668	-37.42423118052453	79.99028332447061	14.035116800996718	38.33713694238692	-17.652105058167145	13.598701037321746	38.19439492906036
30.172240962381746	-42.718731694601594	-37.43896796177943	79.98640398588279	14.03471518121518	38.33699908550011	-17.655948024336205	13.59098822588221	38.19193575927472
30.17531855660086	-42.7052573653525	-37.45282707154398	79.98206745319568	14.035725885575818	38.337346012028775	-17.66023892186925	13.583003246916558	38.189389810995664
30.179170150042808	-42.692006322720935	-37.466074865096154	79.97756396268475	14.037704817841304	38.338025284947754	-17.664690006902198	13.574873308365957	38.18679764348327
30.183577054848037	-42.67885823435384	-37.478977774267584	79.97316568753266	14.04019531163337	38.338880152503016	-17.669031851259355	13.56672245684762	38.184198808034196
30.18830955448176	-42.66570934271733	-37.49178717376902	79.96911262137556	14.042755661503936	38.339758998313236	-17.673027329072553	13.558664685093422	38.18162965034212
30.193141059670186	-42.652476669803804	-37.50472652776409	79.96560167705907	14.044983154893382	38.340523590393055	-17.676482353148273	13.550798296205746	38.17912151358468
30.19786075352666	-42.63910060162293	-37.51798133415825	79.9627793308398	14.046533561357483	38.34105577087384	-17.679253048364167	13.54320174895725	38.17669941372978
30.202284138048192	-42.625545864158795	-37.53169217622857	79.96073789893312	14.047135403510232	38.34126235453665	-17.681249298695192	13.535931087989209	38.17438122017424
30.206261073910166	-42.61180100044989	-37.5459509882962	79.95951531252433	14.046598697828122	38.34107812911283	-17.682434825692155	13.529018949330725	38.17217733866147
30.209681090734122	-42.5978765353571	-37.56080045356099	79.9590980690532	14.044818194030931	38.34046696720867	-17.682824139967074	13.522475033391807	38.170090862091584
30.21247592392621	-42.58380206896015	-37.5762362855035	79.9594268879936	14.04177144501323	38.3394211638051	-17.682476848769348	13.5162878597697	38.16811813002762
30.214619397054605	-42.56962257219995	-37.592212005293	79.9604044915759	14.037512294999285	38.337959201052335	-17.681489901007232	13.510427563196014	38.16624962016169
30.21612490817291	-42.55539417165572	-37.60864572082926	79.96190486553574	14.032160574665504	38.336122211097624	-17.67998840750358	13.504849457560283	38.16447108467589
30.217040889453195	-42.541179707156275	-37.625428341363204	79.96378333072491	14.025888933956717	38.33396945642006	-17.678115691768355	13.499498083159681	38.16276484067645
30.21744468907021	-42.52704432925772	-37.642432626542444	79.965886770523	14.018907824060454	38.33157317485967	-17.676023208796984	13.494311458081475	38.16111112571379
30.21743537148178	-42.513051376135174	-37.65952246998188	79.96806340750862	14.01144965963881	38.32901314326821	-17.673860920472343	13.489225274487652	38.1594894357352
30.217125947726824	-42.49925873338623	-37.67656185302149	79.97017160077797	14.003753153550951	38.32637130036763	-17.67176864057828	13.484176811226073	38.15787977259045
30.216635533172354	-42.485715837583804	-37.6934229702907	79.97208723665548	13.99604872418442	38.32372673778394	-17.66986876528334	13.47910837269118	38.15626374048554
30.216081889556133	-42.47246143701424	-37.70999311941589	79.97370940345638	13.9885457381009	38.321151321056966	-17.668260691990277	13.47397010766117	38.154625444747154
30.21557474548807	-42.459522172903	-37.726180055638395	79.97496416789392	13.981422178424584	38.31870614329151	-17.66701710718555	13.468722108718726	38.15295216120646
30.215210209905525	-42.44691199383504	-37.741915630308554	79.97580639880564	13.974817134633934	38.31643894726162	-17.66618219947705	13.463335740745322	38.1512347597792
30.214887347357216	-42.43448869863225	-37.75664897935755	79.97641767227023	13.969166034163843	38.31449919440662	-17.665576445034517	13.458600365069485	38.149724922169796
30.214591560563072	-42.42228149275546	-37.77003268059512	79.97685505083572	13.964727156662907	38.312975539792625	-17.665143323086212	13.454868421474533	38.14853502105497
30.214367496952622	-42.41042200122729	-37.781892942252945	79.97710011619088	13.961610184536926	38.31190563215033	-17.664900833173277	13.45217662654574	38.14767676323161
30.214288531716896	-42.39908274491935	-37.792189462125805	79.97710502247318	13.959808890815395	38.31128733405819	-17.66489598236057	13.450372121708295	38.14710141093509
30.21442968564223	-42.38843102092885	-37.80097478268663	79.97682779298081	13.95923234826474	38.31108943454031	-17.665169922329383	13.44922004640454	38.14673408070799
30.214847688843452	-42.378600305700765	-37.80835889806988	79.97625404165768	13.959731868486863	38.311260895971955	-17.665736514372604	13.448481704001331	38.146498665990066
30.215569357298946	-42.36967747059434	-37.81448158275701	79.97540577827652	13.961122879023856	38.31173836344483	-17.66657366626636	13.44796183739083	38.146332910575055
30.21658768812431	-42.3617020979827	-37.81949263516309	79.97433996122123	13.963202127975663	38.31245207029041	-17.66762480401548	13.447529324476989	38.14619500720506
30.217864077528485	-42.35467360470148	-37.823538920783655	79.97314024860256	13.96576111965399	38.31333044989809	-17.668807062146662	13.44711831985519	38.146063961586265
30.21933468194864	-42.348562239041065	-37.82675656830175	79.97190532247609	13.968596738482821	38.3143037823929	-17.670022850091897	13.446717312893083	38.14593610364332
30.22091899405815	-42.343320877147086	-37.82926667328934	79.97073657555683	13.971519814746172	38.31530713484738	-17.671172031933658	13.446352600510343	38.14581981794399
30.222529013065472	-42.338895561883696	-37.83117316400008	79.96972714765528	13.9743620891092	38.31628275186917	-17.672162753099784	13.446071025139922	38.145730039832756
30.224077807516483	-42.33523367367102	-37.83256189500084	79.96895348879517	13.976981755330375	38.31718195814916	-17.672919752773204	13.445925051710969	38.145683497343185
30.225486695629012	-42.33228937522758	-37.83350042919565	79.96846993327617	13.979267563897238	38.31796656704384	-17.673389688952398	13.445961695248116	38.14569518084927
30.22669064096396	-42.33002648911585	-37.83403827614605	79.96830625059752	13.981141374078238	38.3186097565726	-17.673543517103596	13.446215629934759	38.145776145944005
30.227641751481478	-42.32841926203176	-37.83420754925013	79.96846780244829	13.982559040262494	38.319096373655924	-17.673376295837613	13.446706047384602	38.145932511723785
30.228310973175088	-42.32745158654429	-37.83402409261491	79.96893775690239	13.983509586500595	38.31942265077468	-17.672904967260628	13.447436439472465	38.14616539154565
30.228688195454914	-42.327115243733296	-37.8334891344387	79.96968075440242	13.984012730920098	38.31959535622017	-17.67216471309225	13.448396371132487	38.14647145827023
30.228781050895897	-42.32740765048535	-37.83259147803182	79.97064744551957	13.984114940481428	38.31963043988033	-17.671204460154556	13.449564382910227	38.14684386971781
30.22861271460192	-42.32832948465846	-37.8313101734946	79.97177939312975	13.983884303260359	38.3195512731392	-17.670082035219494	13.450911334009595	38.14727333457279
30.228219003687954	-42.32988244877688	-37.82961754582641	79.9730139251028	13.983404584447001	38.31938660858531	-17.668859375811657	13.452403697038143	38.14774916288749
30.227645056851905	-42.332067335082996	-37.82748240435076	79.97428862026739	13.982768875426277	38.31916840004444	-17.667598107755715	13.45400650186242	38.14826020470758
30.226941845316063	-42.334882478609565	-37.82487323164874	79.97554520037258	13.982073251029144	38.31892962541684	-17.666355711659698	13.455685775131068	38.148795627894906
30.22616273386119	-42.338322630700205	-37.82176114920574	79.97673267975628	13.981410821594348	38.318702245034174	-17.66518242310017	13.457410427306513	38.1493455197928
30.225360276238646	-42.342378249594205	-37.81812247869895	79.97780969172858	13.98086651034301	38.318515408981725	-17.664118945505933	13.459153604056201	38.149901318106735
30.224583393631455	-42.34703518238915	-37.81394075664685	79.9787459672776	13.980512810891454	38.318394000855186	-17.663194999452692	13.460893552487288	38.150456087096465
30.2238750482966	-42.352274699173904	-37.80920810931215	79.97952298904343	13.980406693086369	38.31835757568163	-17.66242868575143	13.46261406529727	38.151004659189965
30.22327048741118	-42.35807383170969	-37.80392594773875	79.98013388272045	13.980587735827754	38.318419719006876	-17.6618266011722	13.464304566724337	38.15154366238803
30.222796095184126	-42.3644059633902	-37.79810499396072	79.98058263971706	13.98107748014639	38.318587824837806	-17.66138461434624	13.465959900157053	38.15207145254533
30.22246885560244	-42.37124161321612	-37.79176469441228	79.98088278908514	13.981879920089487	38.31886326414009	-17.661089185339073	13.467579872717085	38.1525879681641
30.22229639515475	-42.378549353954334	-37.784932112486814	79.98105565320289	13.982982986935124	38.31924189429796	-17.660919095895515	13.469168609053174	38.15309452435644
30.22227754599067	-42.38629680379926	-37.777640417493984	79.98112833021015	13.984360836331682	38.31971484418	-17.66084744874759	13.470733765266495	38.1535935622105
30.222403346574062	-42.394451632149604	-37.76992710156414	79.98113154674022	13.985976719125052	38.320269499557014	-17.6608437937265	13.472285653602423	38.15408836970532
30.22265837999365	-42.40298252387733	-37.761832059885876	79.98109751742405	13.98778620461114	38.320890609490604	-17.660876245403834	13.473836328166737	38.15458279019853
30.223022340290495	-42.41186005276564	-37.75339566423766	79.9810579337703	13.989740528418032	38.32156143550124	-17.66091347081069	13.475398680383723	38.155080934020226
30.223471714536757	-42.42105742338725	-37.744656946720184	79.98104218554921	13.991789854079233	38.32226487111049	-17.6609264452227	13.47698558946858	38.15558690760776
30.223981472557348	-42.43055105106943	-37.735651991772855	79.98107589426142	13.993886264971938	38.3229844688306	-17.660889897503502	13.478609167538234	38.15610457281515
30.224526666305046	-42.44032096104722	-37.72641261188718	79.9811798123499	13.995986338731042	38.323705323837764	-17.660783392337763	13.480280131267198	38.156637346570534
30.225083855831198	-42.45035099964584	-37.71696535777571	79.98136911525751	13.998053196500317	38.324414777382266	-17.66059202309814	13.48200732268606	38.15718804808639
30.225632297178777	-42.460628861574214	-37.7073308888213	79.98165308787925	14.000057961538442	38.32510291745815	-17.66030671443321	13.48379739151446	38.15775879757399
30.226154847910124	-42.471145947462944	-37.69752370590754	79.9820351838377	14.001980603099554	38.32576286846718	-17.65992415651595	13.485654641094897	38.158350967120526
30.22663856693586	-42.48189707409672	-37.68755222744191	79.98251341645857	14.003810179861652	38.326390874776116	-17.659446412138323	13.487581030300454	38.15896518129738
30.227075005515847	-42.492880066007665	-37.67741917147061	79.98308102514923	14.005544530620021	38.326986194546656	-17.658880252704186	13.489576315361422	38.15960136238053
30.227460204627146	-42.504095261031054	-37.66712219289414	79.98372735053475	14.007189487123165	38.32755082953946	-17.658236289238488	13.491638308865111	38.16025881293046
30.227794429443488	-42.515544964067765	-37.65665471528361	79.98443884630647	14.008757703926499	38.32808912345896	-17.657527969709435	13.493763228513153	38.160936326990836
30.228081683817432	-42.52723288278914	-37.64600689174591	79.98520015509177	14.010267212587397	38.328607265677476	-17.65677051446015	13.495946105673955	38.161632320352226
30.228329056041208	-42.53916357661487	-37.63516662852063	79.98599517931373	14.011739812494367	38.3291127388838	-17.655979857827923	13.498181223284808	38.16234497017378
30.228545951688652	-42.55134194633444	-37.6241206081167	79.9868080853196	14.013199408592914	38.32961374850383	-17.655171656742	13.500462554047271	38.16307235469835
30.228743270146957	-42.56377278662189	-37.61285525524258	79.98762418922041	14.014670398067167	38.33011866892551	-17.65436041702265	13.502784172833383	38.163812584745116
30.228932578873906	-42.57646041782814	-37.60135759784393	79.98843068501498	14.016176194751463	38.33063553699978	-17.65355877611723	13.505140621428023	38.16456392000473
30.229125333963538	-42.58940840724015	-37.58961598645309	79.98921718876755	14.017737962957412	38.331171617423806	-17.652776967988544	13.507527208790464	38.16532486477544
30.22933218788591	-42.60261938386063	-37.57762064696044	79.9899760859897	14.019373612881276	38.331733057912516	-17.652022482674	13.50994023553944	38.16609423953841
30.22956241596511	-42.61609494503319	-37.565364054043286	79.99070268214483	14.021097089184716	38.33232464500211	-17.65129992044203	13.512377136979078	38.16687122656032
30.229823482978233	-42.62983564820335	-37.55284112410581	79.99139516766627	14.022917964024721	38.33294966435686	-17.650611029158064	13.514836544352136	38.16765538942359
30.230120760877575	-42.64384107698764	-37.5400492370657	79.99205441851429	14.024841326912542	38.33360986296288	-17.649954903967206	13.517318268847587	38.168446667927334
30.23045739868386	-42.65810996766733	-37.526988105173096	79.99268366072005	14.026867947268938	38.33430550492557	-17.649328321080723	13.519823216973949	38.16924535110469
30.230834336606033	-42.672640380299335	-37.5136595139176	79.9932880323644	14.028994672141021	38.33503550798679	-17.648726172526672	13.522353249076222	38.17005203211219
30.231250448837965	-42.687429897843366	-37.5000669647714	79.993874078972	14.031215011722722	38.33579764450612	-17.648141966239535	13.524910994933208	38.170867549434256
30.23170279356705	-42.70247583696967	-37.48621525198754	79.99444921847346	14.0335198592817	38.33658878857736	-17.647568355716793	13.527499641494412	38.17169291920491
30.23218694467452	-42.717775455410184	-37.472110006010084	79.99502120993307	14.03589828980147	38.33740519016418	-17.64699766542931	13.530122707943118	38.17252926348831
30.23269737745863	-42.73332614267841	-37.45775723446596	79.99559765649417	14.038338382838997	38.33824275754792	-17.646422381905467	13.532783822493212	38.17337773911214
30.233227880397905	-42.74912558351	-37.44316288849218	79.99618556786365	14.040828019340859	38.33909733083644	-17.645835585510106	13.535486513782407	38.174239471155055
30.23377196632092	-42.7651718862582	-37.4283324776696	79.99679100158734	14.043355608882168	38.33996493159047	-17.645231303966227	13.538234027579742	38.17511549450515
30.234323259110717	-42.78146367150226	-37.4132707514807	79.99741879581116	14.045910712339884	38.34084197655776	-17.64460477516917	13.541029176969607	38.1760067060925
30.234875835937505	-42.79800011910048	-37.39798145938703	79.99807239961282	14.048484534694325	38.341725446828136	-17.643952613388798	13.543874231400729	38.17691382951309
30.23542450964308	-42.814780974668466	-37.38246719571967	79.99875380071472	14.05107027278802	38.34261300720264	-17.643272879159547	13.546770847182433	38.17783739286828
30.235965040945434	-42.83180651885074	-37.3667293299435	79.99946354477918	14.053663312825027	38.343503073985474	-17.642565058695787	13.549720039341317	38.17877771979134
30.23649427525527	-42.849077504678235	-37.35076801778878	80.00020083579673	14.05626128160958	38.34439483257189	-17.64182996329128	13.55272219235983	38.179734932871526
30.23701020379263	-42.86659506970221	-37.33458228447394	80.0009637034824	14.058863963549136	38.345288208959325	-17.64106956269638	13.555777105318288	38.18070896804718
30.237511953101095	-42.88436063044357	-37.318170167934944	80.00174922118276	14.06147310194352	38.346183801539276	-17.64028676882618	13.558884065425694	38.18169959805041
30.23799971077493	-42.90237576700508	-37.301528907715294	80.00255375658836	14.064092107837602	38.347082781160545	-17.63948518732566	13.562041942895881	38.18270646265774
30.238474598097667	-42.92064210550399	-37.284655163979735	80.00337323747897	14.066725702638195	38.347986768456536	-17.638668854560862	13.565249299609238	38.183729103335914
30.238938502260105	-42.93916120535902	-37.267545250947904	80.0042034156939	14.069379521808376	38.348897697812546	-17.637841976634512	13.568504503972697	38.18476699986422
30.239393881861876	-42.957934457492776	-37.25019536980527	80.00504011434876	14.072059706380387	38.34981767715162	-17.63700868520211	13.57180584480339	38.18581960664537
30.23984355954161	-42.976962998280875	-37.23260182769541	80.00587944582193	14.074772506977755	38.35074885201423	-17.636172822381646	13.575151637843721	38.18688638666694
30.240290514910207	-42.996247642693284	-37.21476123155999	80.00671799099376	14.077523921780458	38.35169328128902	-17.635337764119534	13.578540319585667	38.187966841416575
30.240737689602376	-43.01578883862736	-37.1966706481803	80.0075529334215	14.080319385714667	38.35265283052658	-17.634506288208996	13.581970524347845	38.189060535457436
30.24118781436314	-43.03558664301718	-37.17832772459418	80.00838214536722	14.083163523433862	38.35362908714952	-17.633680489962032	13.58544114191911	38.190167114807345
30.241643265812392	-43.05564071899859	-37.15973076592695	80.00920422567171	14.086059973707368	38.354623300173536	-17.632861745497635	13.588951354466161	38.19128631870653
30.242105958051845	-43.075950352278326	-37.140878770414986	80.01001849222702	14.089011287957998	38.355636345380205	-17.632050719885058	13.592500652721856	38.192417984779155
30.242577271757494	-43.09651448394735	-37.12177142387078	80.01082493411852	14.09201890116175	38.356668715328254	-17.631247415095984	13.59608883265433	38.19356204797123
30.2430580209871	-43.11733175632136	-37.10240905792412	80.01162413029394	14.095083169365514	38.35772053223155	-17.63045125095831	13.59971597481182	38.19471853396493
30.243548455752396	-43.13840056799866	-37.08279257799661	80.01241714282752	14.098203464860886	38.358791580627816	-17.62966117111541	13.60338240930688	38.19588754801406
30.244048296561743	-43.15971913419263	-37.06292336807968	80.01320539347077	14.10137831768077	38.359881355947536	-17.62887576538543	13.607088669923396	38.197069260311494
30.244556795701214	-43.18128554850242	-37.042803179981455	80.01399053224252	14.104605590608843	38.360989124586446	-17.628093399862337	13.610835441098134	38.198263889084515
30.24507281903123	-43.203097842601856	-37.02243401480229	80.01477430636649	14.107882674300956	38.362113990881326	-17.62731234654713	13.614623501553677	38.19947168262277
30.245594941542496	-43.2251540408107	-37.00181800404352	80.01555843698983	14.111206689352999	38.363254966470315	-17.626530905169	13.618453668166142	38.20069290138083
30.24612154982232	-43.247452207120304	-36.980957297012964	80.01634450990925	14.114574683112163	38.36441103784871	-17.6257475110555	13.62232674327133	38.201927801177206
30.24665094489005	-43.26999048292758	-36.959853960149836	80.01713388509305	14.117983810586225	38.3655812284666	-17.624960824336434	13.626243468088653	38.203176618343925
30.247181439509554	-43.29276711444097	-36.938509892639665	80.01792762822663	14.121431490807039	38.36676465240091	-17.624169797313563	13.630204484317721	38.204439557481926
30.247711445004235	-43.31578046941499	-36.916926761321456	80.01872646592449	14.12491553228996	38.36796055741962	-17.62337371839476	13.63421030528434	38.205716782261106
30.248239543961773	-43.339029043717815	-36.895105956200965	80.01953076505623	14.128434223722303	38.36916835611084	-17.622572232171024	13.638261297485029	38.207008409536044
30.248764571334455	-43.362511479320986	-36.87304853771923	80.02034056629134	14.131986396605388	38.37038764738479	-17.62176530558171	13.642357688590995	38.20831451189792
30.249285639446587	-43.38622654683581	-36.850755246162755	80.0211555879678	14.135571440262792	38.371618221625425	-17.620953223928872	13.646499558189275	38.20963511472246
30.249802154677084	-43.41017312779788	-36.82822651863036	80.0219752611284	14.139189286615098	38.372860055464336	-17.6201365559851	13.650686844939878	38.210970198451854
30.250313816388203	-43.43435019164609	-36.80546252132942	80.02279877833521	14.142840366021439	38.37411329662326	-17.619316105529833	13.654919361825964	38.21231970345727
30.2508205998406	-43.45875676935192	-36.78246319378652	80.023625151973	14.146525539604943	38.37537824068461	-17.61849285356127	13.659196817769706	38.2136835369308
30.251322725603877	-43.48339192565419	-36.75922830128544	80.02445327763814	14.150246014232753	38.37665530190825	-17.617667895541118	13.663518843611154	38.21506158116867
30.25182061850486	-43.508254731717535	-36.73575749179099	80.0252819983746	14.154003246660228	38.37794498032869	-17.616842377861232	13.667885020370353	38.216453702582385
30.25231485945174	-43.533344239792804	-36.712050353764255	80.02611016592171	14.157798843294731	38.37924782734888	-17.616017437319414	13.672294907800858	38.2178597608028
30.252806133541398	-43.55865946114673	-36.68810647159996	80.02693669572307	14.161634461626013	38.38056441190584	-17.61519414681174	13.676748071455242	38.21927961730975
30.253295177723313	-43.584199348178615	-36.66392547588687	80.02776061315345	14.165511718664312	38.38189528904197	-17.61437346974614	13.681244106782941	38.220713143115454
30.253782730986643	-43.60996278127967	-36.63950708626965	80.02858108919803	14.169432110793414	38.383240972394326	-17.613556224913424	13.685782659131755	38.22216022514179
30.25426948959507	-43.63594856064217	-36.614851145332786	80.0293974646097	14.173396948358825	38.38460191174195	-17.612743062767635	13.690363438897261	38.223620771050676
30.25475606935534	-43.66215540290642	-36.589957642593234	80.03020926233148	14.177407307147801	38.385978476351205	-17.61193445331636	13.694986231433385	38.225094712403866
30.255242976311838	-43.68858194226074	-36.564826728337884	80.03101618866106	14.181463997751964	38.38737094445949	-17.61113068513926	13.699650901682316	38.226582006139225
30.255730586648966	-43.71522673539077	-36.53945871764014	80.03181812422318	14.18556755270048	38.38877949885861	-17.610331874472315	13.704357393787785	38.22808263444745
30.25621913599166	-43.742088269516444	-36.5138540854079	80.03261510628228	14.189718230269182	38.390204228202336	-17.609537982835754	13.709105726211316	38.22959660321483
30.256708717753256	-43.76916497265844	-36.48801345373231	80.03340730425748	14.193916033049604	38.391645133380194	-17.60874884135864	13.713895983068142	38.231123939260826
30.257199289712972	-43.796455225238866	-36.461937573108926	80.03419499049406	14.198160738733161	38.3931021380843	-17.607964179765595	13.718728302535553	38.23266468664223
30.25769068763222	-43.82395737214065	-36.435627299286196	80.03497850840144	14.202451940144806	38.39457510255092	-17.607183657937554	13.723602863261648	38.23421890231961
30.258182644449104	-43.851669734414735	-36.40908356756093	80.03575824000023	14.206789091347003	38.39606383938571	-17.606406898026613	13.728519869716974	38.235786651486755
30.25867481342985	-43.87959061993111	-36.38230736629776	80.03653457474655	14.211171556622736	38.39756813037744	-17.60563351527965	13.733479537394045	38.237368002851795
30.259166793601185	-43.907718332401714	-36.35529971131077	80.03730788124074	14.215598659312398	38.39908774326117	-17.604863145984133	13.738482078676398	38.238963024131564
30.259658155831374	-43.936051178356536	-36.328061622530086	80.03807848310487	14.2200697277966	38.400622447502066	-17.604095471270497	13.743527690077501	38.24057177798286
30.26014846805729	-43.96458747181234	-36.30059410410409	80.0388466399515	14.224584136352167	38.402172028319214	-17.603330235863602	13.748616541403571	38.24219431854705
30.260637318354583	-43.99332553653131	-36.27289812877984	80.0396125339906	14.229141339124661	38.40373629834689	-17.602567261247614	13.75374876723153	38.24383068873296
30.261124334798975	-44.02226370591262	-36.24497462708145	80.04037626245444	14.233740896021164	38.40531510652221	-17.601806453072072	13.758924460925641	38.24548091830904
30.261609201350762	-44.051400320688366	-36.216824481488686	80.04113783568002	14.238382489895004	38.40690834398386	-17.60104780296252	13.764143671253018	38.24714502282431
30.2620916692914	-44.08073372470028	-36.18844852552178	80.04189718039301	14.24306593493883	38.40851594695306	-17.600291385191554	13.769406401508217	38.24882300332921
30.26257156403406	-44.110262259112034	-36.159847547379115	80.04265414749628	14.247791176694758	38.41013789673702	-17.59953734890334	13.774712610926866	38.25051484682634
30.263048787402443	-44.139984255461705	-36.13102229756096	80.04340852348841	14.252558284509679	38.41177421713921	-17.598785906759268	13.780062218063708	38.25222052734752
30.263523315711833	-44.169898027981326	-36.10197349975288	80.04416004452705	14.257367437593693	38.41342496967391	-17.59803732098144	13.785455105733774	38.25394000752922
30.263995194182986	-44.20000186560615	-36.072701864139646	80.04490841210563	14.262218906072526	38.41509024706237	-17.59729188781489	13.790891127069422	38.255673240543864
30.264464528366698	-44.23029402406858	-36.0432081022737	80.04565330932826	14.267113028556222	38.416770165533244	-17.596549921413065	13.796370112228479	38.25742017223857
30.26493147335206	-44.26077271842514	-36.01349294262856	80.04639441683742	14.272050187781357	38.41846485646171	-17.595811738080734	13.801891875298974	38.25918074333679
30.265396221574118	-44.291436116303984	-35.983557146021134	80.04713142756333	14.277030785830156	38.42017445786339	-17.59507764169515	13.807456220980864	38.26095489156859
30.26585899003054	-44.32228233208941	-35.95340152017937	80.04786405961269	14.282055220298384	38.42189910621395	-17.594347910978314	13.813062950678061	38.262742553613194
30.266320007666643	-44.353309422184694	-35.92302693285418	80.04859206678469	14.28712386259211	38.42363892899928	-17.593622789124844	13.818711867703747	38.2645436667585
30.26677950360196	-44.38451538141984	-35.8924343230174	80.04931524638317	14.29223703929576	38.425394038320306	-17.592902476110204	13.824402781379206	38.26635817020812
30.267237696756922	-44.41589814059968	-35.86162470983994	80.05003344417457	14.297395017290508	38.42716452578453	-17.59218712382568	13.830135509889178	38.26818600599168
30.267694787304826	-44.44745556512523	-35.83059919929832	80.05074655651137	14.30259799302755	38.42895045882426	-17.591476834018323	13.8359098818378	38.27002711946092
30.268150950231718	-44.47918545456851	-35.79935898840331	80.05145452979247	14.307846086093711	38.43075187848798	-17.59077165886361	13.84172573652556	38.271881459378086
30.268584500608508	-44.51108739439831	-35.76796802683303	80.05218490349361	14.313053726505332	38.43253941268767	-17.59004435919244	13.84755365739443	38.27373964650298
30.268944021607755	-44.54315347973092	-35.7365442249033	80.05299853861055	14.318056077178289	38.43425648072618	-17.5892347590898	13.853357563660667	38.275590176759096
30.269174420378683	-44.575360273508885	-35.70516135971361	80.05395195079092	14.322738721174215	38.435863808733885	-17.5882870222869	13.859152089979514	38.27743771629212
30.269226611444275	-44.60768028149895	-35.67385183127334	80.05508639775007	14.327039250743272	38.43733997511134	-17.58716043341144	13.864979854945364	38.27929585370857
30.269065276976757	-44.64009073756709	-35.64261302956371	80.05642093510272	14.330944063788507	38.43868031090837	-17.58583624847936	13.870890829198927	38.28118052175755
30.268673771991246	-44.672578867843775	-35.61141545052283	80.05794992693185	14.334481777214407	38.439894638941354	-17.584320139068197	13.876926907309983	38.283105078196
30.268055912760286	-44.705143719028705	-35.58021123765426	80.05964463029198	14.337714451613847	38.44100426164736	-17.582640611128056	13.883112747520057	38.285077385111904
30.267235859344026	-44.73780258225542	-35.54892961769243	80.06147162143603	14.34072606512113	38.442038004705914	-17.58083058505943	13.889431846299379	38.28713025637679
30.262568829564636	-44.76661104421782	-35.51351895029978	80.0679850019545	14.344990021979237	38.44350161742124	-17.5743837692062	13.906769122898632	38.29308131528542
30.2555908048393	-44.79430413243166	-35.475896370316185	80.0766072811304	14.349335757689792	38.44499330090774	-17.5658507913464	13.929292293184742	38.30081244377931
30.247577616224056	-44.82272053072795	-35.43750594000738	80.08549907646304	14.353046652538927	38.446267073850954	-17.55705139883559	13.952679800692676	38.3088402579546
30.239474330426507	-44.85286363707212	-35.39926996935994	80.09349804363043	14.355854981117236	38.44723103890633	-17.549136311223705	13.974227240003035	38.31623646461228
30.231908078101828	-44.88508609554058	-35.361630644736465	80.10000205755219	14.357851928795831	38.4479164956561	-17.54270233300869	13.992606284230654	38.32254511258296
30.225243020677393	-44.91930198860039	-35.324660869572185	80.10481745233861	14.359362904064284	38.44843514129093	-17.537941871262632	14.007500028492814	38.327657423557966
30.219648734555673	-44.95517990487654	-35.28819830163543	80.10801316143103	14.360820776069406	38.44893555911204	-17.534786927262445	14.019227820607696	38.331683014389
30.21516389473921	-44.99229320875241	-35.25197125489668	80.10980241459629	14.362657670171593	38.449566077114284	-17.533026151551063	14.02842619003767	38.33484037523534
30.211746392113554	-45.030220999978624	-35.21569832284618	80.11045896934544	14.365226274594125	38.45044775631789	-17.532387907776396	14.03581510331999	38.33737663621857
30.209307841368204	-45.068604267625204	-35.179154328274706	80.11026534879609	14.368754078264846	38.45165868280527	-17.532591703924183	14.042052344513369	38.33951758318566
30.207734606680916	-45.10716742446901	-35.142203193356025	80.1094857437584	14.373328325340596	38.45322880332813	-17.533375178346162	14.047662800925425	38.341443384876996
30.20689932452074	-45.14571700882759	-35.10480347500365	80.10835500695433	14.37890571169465	38.4551432536482	-17.534505101904372	14.05302212903893	38.34328298621908
30.206667051965866	-45.18412823610845	-35.06699483097935	80.10707622823176	14.385338921394643	38.45735146724278	-17.535779837586112	14.058373423795418	38.345119830093445
30.206899298344403	-45.22232754463545	-35.02887405205395	80.10582154514519	14.392411797059811	38.45977924760827	-17.53702856379894	14.063858735723993	38.34700267566137
30.207457924736254	-45.26027632962474	-34.99056813750398	80.10473318797985	14.399875910542228	38.46234132122811	-17.538110243992158	14.069552441611592	38.348957052921065
30.20820968576497	-45.29795839581574	-34.952209854306844	80.10392368280345	14.407483120286487	38.46495251295937	-17.538913415193207	14.075488915726568	38.350994760916905
30.209031311842203	-45.33537166671758	-34.91391891414495	80.10347537129775	14.415010883412158	38.467536434461394	-17.53935664213516	14.081681564382372	38.353120401395906
30.209814568118464	-45.37252348042519	-34.875789832532284	80.10343995619402	14.422279155006185	38.470031284915756	-17.539388938358556	14.088133514165799	38.355335047565966
30.21047062082033	-45.40942829515284	-34.83788602698609	80.10383881859708	14.429159292006478	38.47239290730411	-17.538989419130317	14.094841990771368	38.35763774714053
30.210933168510785	-45.446106627176604	-34.80023887147826	80.10466460472895	14.435576324944645	38.47459556818907	-17.53816569773609	14.10179893762076	38.36002573468112
30.211160027755763	-45.48258432563597	-34.76285016745159	80.10588424096011	14.441506311899083	38.476631049452564	-17.536950871559085	14.108990118915543	38.36249412371813
30.21113310434061	-45.51889166077003	-34.725696626679486	80.1074432354666	14.446970418063083	38.47850661609444	-17.535399240578812	14.116394259882783	38.36503561163821
30.21085687849134	-45.55506203631136	-34.68873528259458	80.10927092137621	14.452027076394728	38.48024232535805	-17.53358110064815	14.12398303169434	38.36764047450789
30.210355666149322	-45.59113037112857	-34.65190909495491	80.11128619813172	14.456763246923177	38.48186802646758	-17.531577049525204	14.13172208766991	38.37029692275245
30.209669991093957	-45.62713131963368	-34.61515229624298	80.11340331530427	14.461285504613642	38.48342030151781	-17.52947225506977	14.139572974439318	38.3729917571667
30.208852427799354	-45.66309753525786	-34.57839521628579	80.11553728719105	14.465711484958423	38.48493952915416	-17.52735109116469	14.147495564617646	38.37571120393618
30.207963267241993	-45.69905815814987	-34.5415684243801	80.1176086006963	14.47016209514377	38.486467211038274	-17.5252924739423	14.15545063115233	38.37844179828749
30.20706629837395	-45.73503776450056	-34.504605932702454	80.11954679800269	14.47475495283683	38.48804371969706	-17.52336631300105	14.163402214172338	38.381171196914636
30.206412231644254	-45.77126206983865	-34.46764140608699	80.12106306120805	14.479531695554146	38.48968334730104	-17.52185926211049	14.17077431928785	38.383701688457094
30.20622576982505	-45.80787153601689	-34.43077839162255	80.12194137538307	14.484561909162043	38.49140997935417	-17.520985632930667	14.177132829582664	38.38588426131403
30.20659495215885	-45.84480320960222	-34.39401014546831	80.12214331247294	14.489925316526127	38.49330231380703	-17.520783505257263	14.182457856801514	38.387712088786955
30.2087525001366	-45.881784201790694	-34.35366952769532	80.12013776301694	14.500422324337439	38.49716786038716	-17.522773095372607	14.188534720170331	38.389797985718175
30.21304165807306	-45.9192584221078	-34.31035355931554	80.11581985078851	14.515561535773394	38.50274290880359	-17.527056533702904	14.19428329345908	38.39177119633582
30.21962719106229	-45.95738899768391	-34.26454975837241	80.1092830015326	14.53485199613528	38.50984666390648	-17.533538443887245	14.199126974496814	38.3934338006677
30.228530280311592	-45.99612794992454	-34.216506658395595	80.10076937057813	14.557981022124888	38.518363979373085	-17.54197516050195	14.203006501218798	38.39476545687775
30.239705921521267	-46.035309370104365	-34.1662070958909	80.09054981739439	14.584884664258311	38.52827130566313	-17.552094199096047	14.206225771645087	38.39587047863996
30.25313386502729	-46.074749644871446	-34.11338571686253	80.07880591730941	14.615782144742434	38.53964937184381	-17.563711452487368	14.209248430901981	38.396908013179186
30.268889941609473	-46.11432753786639	-34.05759205931381	80.06555469104515	14.65114990318074	38.552673627862916	-17.576805570690013	14.21250470055899	38.398025735009824
30.28715570349105	-46.15403216130452	-33.99834407129808	80.05066284106368	14.691556312187178	38.56755337820463	-17.591503249287364	14.216228642583953	38.39930398642491
30.30809939825186	-46.19397824758424	-33.93548976006055	80.03402293756092	14.737182494887298	38.584355321864294	-17.60790428865399	14.220304850922803	38.40070315403865
30.331632513898857	-46.23436233147849	-33.86966192183178	80.01586067980298	14.78716654107691	38.60276205848475	-17.62577824168742	14.224222797669878	38.402047998007525
30.35767570222423	-46.275205830158235	-33.80102744621786	79.99634017190867	14.841195310642208	38.62265827351991	-17.644955758684105	14.22795275621869	38.40332831460754
30.38609685477566	-46.31649044765891	-33.729716965403256	79.97565703544198	14.898966193320938	38.643932530064944	-17.665236716030826	14.231571098638874	38.40457031872208
30.416727899173882	-46.35818328846491	-33.65583970823875	79.95401511049135	14.960180551728643	38.66647485423621	-17.686413582957783	14.23520751410433	38.40581852644971
30.44938148819435	-46.40025629378417	-33.579497193605505	79.93160683316339	15.02453974698579	38.690175271599486	-17.70829100152114	14.238999381681596	38.407120093461785
30.483859469608277	-46.44266769400698	-33.5008426640721	79.90857142484849	15.091658422844027	38.71498876820497	-17.730727697875437	14.24302657208387	38.408502435487556
30.521123471860694	-46.484685382518975	-33.417164221130655	79.88293035404496	15.164526258060231	38.74368719699987	-17.75567118871988	14.248434569520246	38.41035874275315
30.56147062086906	-46.527374223452824	-33.328362502238136	79.85500239951827	15.243743530787793	38.774886302150264	-17.782782178291335	14.254546587541189	38.4124567065835
30.605008500476554	-46.571093817887025	-33.23502804426754	79.82477849536231	15.328610338932975	38.808310432771414	-17.812053470446855	14.260524693317787	38.41450870473672
30.651703216870292	-46.61598968130063	-33.13760370259282	79.7924182635287	15.418522375842416	38.843721587400196	-17.843312254972943	14.265981734005232	38.41638184613443
30.701390487246158	-46.6620473444763	-33.03640006187125	79.75821317815752	15.512949722154307	38.880911061428215	-17.876257898032875	14.27090305971318	38.418071102169165
30.753808923830285	-46.709162119040045	-32.93163112730611	79.72252814088338	15.611412179583915	38.919689732505475	-17.910520505708142	14.275515599624033	38.41965436678949
30.808605820904337	-46.75701042519443	-32.823789942457275	79.68555571932654	15.712889572801526	38.96031076818758	-17.945908338972792	14.279923021652397	38.42116722207076
30.86654713189832	-46.804690183678204	-32.710159882491936	79.6456244874434	15.820239501819437	39.005400118087564	-17.98404726792289	14.285639594289634	38.42312945055657
30.927784625422703	-46.85325474172808	-32.590422639181135	79.6033380484453	15.93425194325524	39.05328786784203	-18.02430667097567	14.292407703925825	38.42545261929281
30.992285786398917	-46.9030213201146	-32.465158912610406	79.55882426490632	16.0541155478941	39.10363323569241	-18.06654042995104	14.299574840228559	38.42791275482283
31.059913474635305	-46.95414587808222	-32.3348283261089	79.51231489327719	16.17911484858331	39.15613570959391	-18.110503515505485	14.30682278195684	38.43040062699552
31.130403097072552	-47.006506687717724	-32.200056838025205	79.46397707118841	16.308151441710397	39.210876812297585	-18.156023843780503	14.313929051395217	38.43283986814972
31.204448981879395	-47.058910636918135	-32.05887409280937	79.41189684993643	16.442906382350245	39.271084250571235	-18.204955731884013	14.321859956578761	38.435562170742266
31.282204176507175	-47.1126099748818	-31.91052750089119	79.35699566255536	16.58482551347518	39.33449258997609	-18.25634019057167	14.330739990200588	38.43861026209261
31.363551495603293	-47.167866326697364	-31.755578616041735	79.2995285697327	16.73304050332955	39.40071386900314	-18.309902838703238	14.340080264879727	38.44181633221234
31.448256437010162	-47.22478171498612	-31.594456219223133	79.23984986985798	16.886784443680373	39.46940543915284	-18.36527862714827	14.349739362837528	38.44513183913433
31.535746212969123	-47.28221912139524	-31.429620356311254	79.17730035592314	17.041847574503727	39.542899075607025	-18.423147346341565	14.35840237795406	38.44810536826658
31.6268965945552	-47.34059771341593	-31.255744615122616	79.11185232532281	17.205197508401554	39.62035185187207	-18.48343931886034	14.369582449503902	38.45194302290291
31.721654090139467	-47.40040264507147	-31.07329700035922	79.04368122059331	17.375980552842123	39.70132896142274	-18.54595329187721	14.38260997798757	38.45641475110895
31.819774037014497	-47.4614815777325	-30.883444557660752	78.97259534771246	17.552039090265414	39.78660089839997	-18.610873408829136	14.396595878330348	38.46121542830109
31.9219769078101	-47.52299909770618	-30.683680906181237	78.89699747520459	17.735626613271876	39.878780537392515	-18.67969900532143	14.412771391097282	38.46676772343048
32.028443182032326	-47.58630571693285	-30.47269829968012	78.81782359855416	17.92849973000145	39.97562247134212	-18.751439728198854	14.431574064080198	38.47322178285216
32.138937754793886	-47.65141646178421	-30.251008935104906	78.73515833697166	18.129175321482432	40.07756082192028	-18.825998122505048	14.452648633724575	38.480455668608556
32.253912544874744	-47.716882694369524	-30.01682599763638	78.64714276950032	18.338254591192637	40.18850698696612	-18.905144498328085	14.477016901314176	38.488820138052574
32.37339751745475	-47.78426486910038	-29.76739940497011	78.55549560804573	18.558784630731914	40.305529397687536	-18.987117309376984	14.50624395861633	38.49931168940478
32.48944003073737	-47.84541580609767	-29.49691574588524	78.46981224279612	18.78994118728719	40.431163890074906	-19.063267713743166	14.56032480272902	38.519227045454514
32.60226335912369	-47.90138770799618	-29.20219268172996	78.38809007018324	19.033360597875543	40.56742315197606	-19.135583968357658	14.63976151082026	38.54847982595715
32.71388047234934	-47.957655228413465	-28.88258251267717	78.3079037419621	19.290243098232487	40.7112890904144	-19.20623051564148	14.738470552624158	38.584829650373294
32.8260740246822	-48.01501695404913	-28.539293263423435	78.22381475192302	19.557101885789173	40.86859997881152	-19.280372594409528	14.850561717541975	38.62610747202693
32.93999965935063	-48.07733168443555	-28.168140759051774	78.13637642010335	19.83908014193503	41.03482365938492	-19.357287448568535	14.975888027729145	38.6722591650754
33.055442736810136	-48.14443503079205	-27.771279928176522	78.04399002597648	20.130506019264846	41.2139705924253	-19.43856034099678	15.111260026317556	38.72270852675871
33.1665764483271	-48.21075638172313	-27.334521713588764	77.95652858416955	20.44046912597579	41.40608619708151	-19.515201197563677	15.277575983959927	38.78821094643812
33.2737668207419	-48.2783835443044	-26.861503974190313	77.86949316529518	20.762772220118173	41.61434399049684	-19.591589345587394	15.469499411627805	38.86379825394571
33.378550865330624	-48.35056561964651	-26.344846848770864	77.7812719771159	21.104492767597563	41.83722538625311	-19.669070234043694	15.687822492555636	38.94978203159024
33.481461976656256	-48.42805346769079	-25.781738217764953	77.69006876117751	21.46206305938446	42.08115628263134	-19.749294737262126	15.927446650265512	39.050429424288055
33.574590761302794	-48.50574952911993	-25.160412720764743	77.60691198803963	21.843710525608234	42.34151250631421	-19.822529483273087	16.213738233575693	39.17067828705585
33.52036016903168	-48.75725245611787	-24.909592613401898	77.77978845463556	21.75049593295395	42.27792242401648	-19.66538103103956	16.333167024564695	39.22205356665282
33.380697417482565	-48.94264528974381	-24.58359551253045	78.04667034960465	21.670363837261288	42.22325710024367	-19.425113820891234	16.640758361205656	39.359482939713054
33.184238166164356	-49.06341372278914	-24.134236156213404	78.35311060680849	21.65997769128573	42.216171689563055	-19.14907371560058	17.11914854280301	39.57955149122475
32.938540704901236	-49.140441701179824	-23.56413407230078	78.68971740577719	21.709599281173205	42.25002303126331	-18.84389995390203	17.7331994819084	39.87756176938514
32.62231892253188	-49.219170114859644	-22.949092350089522	79.09765278354439	21.72099348428583	42.2577959593705	-18.469217524978433	18.425513412146945	40.23480995817055
32.23319482551028	-49.292485933490724	-22.267198419980986	79.57772958273948	21.705812081561728	42.24743914046579	-18.020972107116613	19.208345056193274	40.66537404107705
31.78310052308721	-49.34938937222658	-21.473061957336995	80.11009756587343	21.704761204099107	42.246721427981115	-17.514262466602815	20.088975183509824	41.18822870143649
31.26901660364894	-49.392557717123694	-20.56396677342937	80.70175353492036	21.708249053101124	42.249101517137056	-16.938590360747376	21.062640966984485	41.80946848618281
30.69893128530161	-49.43468508600277	-19.547617974197845	81.34074550727658	21.70673482603875	42.2480677746799	-16.301557809108928	22.100705313416082	42.51683048242533
30.786621813763812	-50.252086957494434	-19.224148909051415	80.76162656784155	21.662800427964108	42.21809734005	-16.881599797276287	21.48335164772746	42.09567915245828
30.734264581636577	-50.735150222855616	-18.577995879886195	80.52023441930663	21.786221066517378	42.30229375148799	-17.12235995868791	21.445011062397057	42.06952361907788
30.475383250568665	-51.08257719073029	-17.911186264677667	80.68972112723603	21.73089918156984	42.264553715457815	-16.953741820885973	21.756846193958467	42.28225451484809
30.370585706208153	-51.57265414301642	-17.388942957602357	80.58210471831327	21.692531851147876	42.23837990453871	-17.061359132767606	21.71604595483158	42.25442099595042
30.283673499174988	-51.99787916969703	-16.830049218187753	80.47577363595501	21.71796425823688	42.255729642179936	-17.167694009914328	21.7248340365184	42.26041613763218
30.209326863437838	-52.405507955156025	-16.31016401903095	80.38097934350336	21.730910653714563	42.26456154787491	-17.26248780796348	21.720276685411907	42.25730715874974
30.134750105341524	-52.78613561463048	-15.828490220224428	80.31955741577121	21.723437594470283	42.2594634998128	-17.323910581305668	21.72406173694791	42.25988928372137
30.074475590179112	-53.13851011386316	-15.376184471780235	80.26065310667812	21.721555490972733	42.25817954735861	-17.382814869125937	21.723351184648955	42.2594045520112
30.025396307437326	-53.45994166326214	-14.952403890865927	80.20895743045905	21.724635603852164	42.26028077036767	-17.434510568077215	21.724193939470325	42.25997947124656
29.984798994536863	-53.75428036472712	-14.563223303115192	80.16748115074702	21.725173018740676	42.26064738966841	-17.475986838576894	21.723980219623954	42.25983367378464
29.95165122245897	-54.02105791324695	-14.206869583910104	80.1354992579269	21.724784346447677	42.260382241293975	-17.507968741783998	21.72458805839039	42.26024833550308
29.926268121542506	-54.26167723786459	-13.882415656049638	80.10972580487268	21.72507408723693	42.260579899683634	-17.533742193021432	21.724544326646832	42.26021850219384
29.907211002296076	-54.477204942261096	-13.588876682042665	80.09041164510853	21.725507128514153	42.26087531624505	-17.553056350678887	21.724757863338525	42.26036417487545
29.89361563185733	-54.669461135934924	-13.32544913302798	80.07666370429688	21.725650574559545	42.26097317376187	-17.566804289898805	21.72477107328927	42.260373186603196
29.884639274617896	-54.83976415707463	-13.09041226268863	80.06766699379675	21.725768125324496	42.26105336576169	-17.575801000168276	21.72487131858946	42.26044157298437
29.879604326117153	-54.98974552069615	-12.882210552772412	80.06245372746349	21.7259158872375	42.261154167505296	-17.581014264278906	21.72486685655918	42.26043852904372
29.877726247193742	-55.12089823542182	-12.699142738693451	80.06046024333351	21.726037820733644	42.2612373493511	-17.583007746785455	21.724890295658085	42.26045451897573
29.878382237616187	-55.23475816113499	-12.539528677107212	80.06099977964553	21.72611903671882	42.261292754106464	-17.5824682086876	21.72487211784358	42.26044211825374
