0.0 0.5 1.0
Linear 7 explicit
 0.000000 33.70348244366297 -11.421200815113316 -1.2591786235087024 1.0 0.0 0.0 0.0
 0.010000 33.717984244204324 -11.400898710493003 -1.4374777308013698 0.8999307941541946 0.2448844546434218 -0.36077163082342595 0.29682649678506506
 0.020000 33.73896616621963 -11.295587211543532 -1.8098683566397826 0.7812506944240929 0.34647937817362096 -0.5192296148740878 0.865818548204548
 0.030000 33.73694757658674 -11.183549026287716 -2.3437758018962427 0.7862883535692922 0.3348249493882234 -0.5192714880565514 1.5891062247551662
 0.040000 33.72719093688932 -10.94815332422504 -2.971155155744218 0.8109808666310426 0.3079356711869889 -0.49747930245285754 2.4663758744225257
 0.050000 33.707534368849934 -10.542839047799653 -3.6905230072972697 0.8415979113172666 0.2748573077584396 -0.4649370022252443 3.51533769931307
 0.060000 33.677494685711864 -9.940498786405994 -4.497081314768748 0.8708883134771094 0.24071950017010033 -0.42849465304348117 4.7536751729408575
 0.070000 33.629239553849786 -9.17914187734118 -5.39653320361656 0.8994201555389667 0.20461849428991527 -0.3862313498471983 6.1472404822657305
 0.080000 33.56076244291556 -8.338086669936137 -6.381178066136123 0.9295295494069776 0.16329641900765648 -0.33061926186859886 7.600749662054527
 0.090000 33.48416579733164 -7.492481553040332 -7.392561785797092 0.9581520833397013 0.11883933803232488 -0.26042618326087885 9.016609296603848
 0.100000 33.42106638804281 -6.723773166021371 -8.383668708313056 0.9817727011480442 0.07311990783854003 -0.17543044877716252 10.351193498804742
 0.110000 33.39440740222306 -6.071216217613105 -9.308852737904447 0.996195436230904 0.030808104459457513 -0.0815200192120556 11.626682348921474
 0.120000 33.42685110781426 -5.5328466344258995 -10.134971692317611 0.9999354919625417 -0.0036834479051526836 0.010744492782793002 12.891263351494464
 0.130000 33.53160935436291 -5.102238783374721 -10.88267290134217 0.9958669723784648 -0.02580672976674186 0.08708034235403792 14.185922012279953
 0.140000 33.70480894203188 -4.705296975322184 -11.560772571470773 0.9907428124072393 -0.0338767003899981 0.13145740311629517 15.463547389190152
 0.150000 33.897822033520654 -4.138919368908887 -11.970073311946226 0.9948516931444706 -0.023836917715117527 0.09849827410377832 16.27311194237201
 0.160000 33.92573314755089 -4.01826822102513 -12.512597934108175 0.9984194062943497 -0.011591398572081583 0.05499389615204142 17.043680676968226
 0.170000 33.867365209210064 -4.003973226212466 -13.057339426071618 0.9999702480932854 -0.0013421100327241477 0.007596161459131546 17.850791504732463
 0.180000 33.70166025371482 -3.9055655276904035 -13.212176055441946 0.999997556889453 -3.7885380221056524E-4 0.0021777706311434776 18.15255199287497
 0.190000 33.703270323054845 -3.7251056886949425 -13.205536649534565 0.9997473179911333 -0.003761812023200016 0.022161880331735426 18.247904834423558
 0.200000 33.755884651266804 -3.5587639511721303 -13.388672576828856 0.9999657431960505 -0.0013365377477166723 0.008168604606609588 18.6320926416564
 0.210000 33.725473867363476 -3.436034177006944 -13.426227683541608 0.9998681521527383 -0.002561294989243513 0.016034901890774913 18.76592035259283
 0.220000 33.75868550313925 -3.3068544579772725 -13.505264214721585 0.9998710499669841 -0.0024666452516959344 0.0158681788218774 18.968484608400843
 0.230000 33.756315012175534 -3.2146967268137043 -13.586945181814107 0.9998967784762117 -0.0021304099908849385 0.014208931914969294 19.154976196817763
 0.240000 33.75719448153138 -3.130248069890349 -13.634945522128785 0.9998572244170597 -0.002472803018237256 0.016715741869464434 19.283961924973703
 0.250000 33.76723475831297 -3.0560304827326217 -13.698726748373613 0.999867004771093 -0.0023219025236799248 0.016142538175692507 19.432290725925586
 0.260000 33.76647166203765 -2.9920765440173183 -13.726579209889083 0.999862736438049 -0.002341453778709017 0.016402008316622283 19.51521748660596
 0.270000 33.770308855543206 -2.9747034737521645 -13.725573567988398 0.9998569107592291 -0.00239882111973143 0.01674525796296897 19.523472724729334
 0.280000 33.77310395083726 -3.002046044816807 -13.712486357790262 0.9998662383734066 -0.00232550975314168 0.01618942140418471 19.485712955837712
 0.290000 33.77508925887522 -3.0571345960400595 -13.68348564162499 0.999864035531508 -0.00236826862595042 0.01631875468173072 19.406111796019637
 0.300000 33.78065702582953 -3.1298835982772197 -13.647823074499883 0.999865310212309 -0.0023833664676961345 0.016238257244047368 19.305488644880025
 0.310000 33.78614715217617 -3.218790968581861 -13.604332190695702 0.999866291138671 -0.002406632178454279 0.016174299556897864 19.183018317049083
 0.320000 33.79264929176829 -3.3233243233459113 -13.552210530586397 0.999865842545123 -0.0024497994176396827 0.016195536247517506 19.03788687021322
 0.330000 33.799786915164034 -3.4439730193844627 -13.492180235925474 0.9998666239243497 -0.002487099970672742 0.016141520865738963 18.871154940315133
 0.340000 33.80698078353324 -3.580496837643442 -13.42332970020465 0.9998666471944346 -0.0025382029445364623 0.016132121806267722 18.68176894356578
 0.350000 33.81441485751865 -3.7321038531811 -13.345954178051526 0.9998665877288808 -0.002596595794541353 0.01612651337655173 18.470917741376823
 0.360000 33.82174057302863 -3.8980241370467663 -13.26008528887794 0.9998664024779417 -0.0026628174784293634 0.016127200590780568 18.239381005816334
 0.370000 33.828901980496305 -4.077308749467098 -13.165642408127935 0.9998657309439649 -0.0027407768769837242 0.0161557490077517 17.987875005623636
 0.380000 33.8358602579481 -4.26894250188693 -13.062809642596994 0.999864767287921 -0.0028287283221587085 0.01620016766428346 17.71756979616034
 0.390000 33.842920612818396 -4.472538094213727 -12.953831373228327 0.9998665464926514 -0.002893172833435326 0.016078518458318154 17.432514361033373
 0.400000 33.849654608758996 -4.669033943419594 -12.821209246404555 0.9999259603706723 -0.00219407763602332 0.011969118602294023 17.115744019677408
 0.410000 33.8441328616105 -4.912893282494085 -12.688469774083888 0.9999228864863206 -0.0022752818183632783 0.012208364899195212 16.776796468196782
 0.420000 33.85235973202753 -5.144191750743844 -12.556182183557816 0.9999304293596114 -0.0021944461488629468 0.01158968708822258 16.447471234844826
 0.430000 33.850877755156134 -5.369627655556472 -12.39261605480601 0.9998730252030443 -0.0031290016019530913 0.015625070249034704 16.07911643244255
 0.440000 33.863801295219396 -5.547153209239725 -12.083919846122557 0.9992968290745275 -0.007959548398316554 0.03664004627302176 15.535764971203252
 0.450000 33.915213428776916 -5.68564909837508 -11.567945351532689 0.9967473923467427 -0.019272655107694693 0.07825088251941996 14.77403026749901
 0.460000 34.01467358753112 -5.802815119944366 -10.732423928566822 0.9878296705082703 -0.043522670925389986 0.14932621731980728 13.746550978792502
 0.470000 34.20592388756888 -5.773332159556586 -9.167314509620061 0.9623781039628069 -0.09519564124993249 0.2544919937836303 12.207591650821866
 0.480000 34.62407904245882 -5.971121554702905 -6.684569557220573 0.9648448495494009 -0.11909960485035176 0.23428551048343593 9.131926783764651
 0.490000 34.01734721633569 -7.985234368795169 -3.531211654796494 0.9999999958013565 -4.871913110351039E-5 7.761271337557285E-5 4.368140325706592
 0.500000 33.67702892368511 -10.02312158581078 -2.1393848406724207 0.9999999223436172 -2.170191277783739E-4 3.2896117928777864E-4 1.776344533971081