0.0 0.5 1.0
Linear 3 explicit
 0.000000 -1.2656187004879342 -0.3316752926521289 -0.4963292897879143
 0.001000 -1.2648361345314125 -0.3310536130245012 -0.4965722571710349
 0.002000 -1.2637190097709532 -0.3300593871527582 -0.4949031494890512
 0.003000 -1.2625592326117057 -0.32884932689488977 -0.4899065228049587
 0.004000 -1.2614414044764752 -0.3274540013549796 -0.4804961736004727
 0.005000 -1.260376910126676 -0.3258631152091951 -0.4660552801710566
 0.006000 -1.259375608573175 -0.3240779345998348 -0.4463558304194075
 0.007000 -1.258428635609006 -0.3220917856669345 -0.4213838003181847
 0.008000 -1.2575501160228377 -0.31989439404562603 -0.39128037974523955
 0.009000 -1.2567523110926158 -0.31747257101687865 -0.35629313250842254
 0.010000 -1.256047770243616 -0.3148094887337436 -0.3167368789150117
 0.011000 -1.249754493984719 -0.30944185005841973 -0.3075686432425738
 0.012000 -1.2431806241070569 -0.30363249008574655 -0.2979322725230341
 0.013000 -1.2363804520731065 -0.2974069666566095 -0.2878837574744173
 0.014000 -1.2294127415071803 -0.29079249229089754 -0.27747676179239045
 0.015000 -1.2223361061014855 -0.2838164016376865 -0.2667638840971804
 0.016000 -1.2152088614844518 -0.27650626616505747 -0.2557966017341249
 0.017000 -1.2080888884875303 -0.2688899716233806 -0.24462521183021457
 0.018000 -1.2010335085466082 -0.26099576147284864 -0.233298772412036
 0.019000 -1.194099371323516 -0.25285224964402886 -0.22186504475841284
 0.020000 -1.1873423547772894 -0.24448840558635254 -0.2103704379864313
 0.021000 -1.180817478018716 -0.23593351421511244 -0.1988599567189756
 0.022000 -1.174578827345847 -0.22721711308344084 -0.1873771525503708
 0.023000 -1.1686794958829991 -0.21836890887509242 -0.17596407991058793
 0.024000 -1.1631715372315572 -0.20941867512850365 -0.16466125682482158
 0.025000 -1.1581059334876955 -0.20039613295971037 -0.15350763097183884
 0.026000 -1.1535325778901249 -0.19133081644488215 -0.14254055135968136
 0.027000 -1.1495002722305339 -0.18225192425104808 -0.1317957458598964
 0.028000 -1.1460567389912957 -0.17318815906126162 -0.12130730477072071
 0.029000 -1.1429936425111558 -0.1640376990734822 -0.11231574997597127
 0.030000 -1.1400337752064227 -0.15467276960496434 -0.10640517628435409
 0.031000 -1.1369657186072142 -0.14500986470352473 -0.10486915992821544
 0.032000 -1.1336241680797605 -0.13499519906103785 -0.10879819272430047
 0.033000 -1.1298761592942184 -0.12459404005112162 -0.11913983218420343
 0.034000 -1.12561128514073 -0.11378277877250298 -0.13674002074419156
 0.035000 -1.120734677228858 -0.10254290393323373 -0.16237129537741835
 0.036000 -1.1151619122036787 -0.09085627812785191 -0.19675179805550047
 0.037000 -1.1088152645072002 -0.07870128930817089 -0.2405577682176121
 0.038000 -1.1016209070859788 -0.06604957511549969 -0.29443135347347393
 0.039000 -1.0935067874494906 -0.052863106421597195 -0.3589849873364368
 0.040000 -1.0844009965485693 -0.03909147857828543 -0.43480316935162766
 0.041000 -1.0742305145283393 -0.02466930179260629 -0.5224421875125964
 0.042000 -1.0629202693383213 -0.009513611048177495 -0.622428107082426
 0.043000 -1.050392488184737 0.0064787650955437925 -0.7352531873073411
 0.044000 -1.036566363536563 0.02343392597082783 -0.8613707593691171
 0.045000 -1.0214030525705982 0.04151122434266341 -1.0011463941492522
 0.046000 -1.0048533949920615 0.06089784428260714 -1.1549008223211206
 0.047000 -0.9868636163266781 0.08181208939645757 -1.3228951065286507
 0.048000 -0.967378367010357 0.10450645942548675 -1.5053173145475616
 0.049000 -0.9463368397937506 0.12943765264761709 -1.7027197120623798
 0.050000 -0.9236934226345667 0.15702807407183172 -1.915317302859601
 0.051000 -0.899377686199473 0.18774681992665165 -2.1431409570424234
 0.052000 -0.8733591316036627 0.22211036924589678 -2.3860649498636888
 0.053000 -0.845656286683466 0.2606888282018005 -2.6437776407503852
 0.054000 -0.8163577027480372 0.30411069650752864 -2.9157524971798514
 0.055000 -0.7856164411386917 0.3530570642928552 -3.201239606006716
 0.056000 -0.7537316039385744 0.40827338287683546 -3.4992096669929538
 0.057000 -0.7210657556773654 0.4705367892483352 -3.8083828602735013
 0.058000 -0.6930544290583669 0.5440756195245626 -4.120631399716074
 0.059000 -0.7761803284118168 0.6803135714275257 -4.343277497474078
 0.060000 -0.8624138826538466 0.8169750656077852 -4.554609565941357
 0.061000 -0.9492174957457928 0.9564472817240883 -4.753725736174006
 0.062000 -1.033920493677501 1.0997818698678614 -4.943476792446229
 0.063000 -1.1141751122993204 1.2474211577838545 -5.126726102766256
 0.064000 -1.1881564030246001 1.3993227032656606 -5.306192245252371
 0.065000 -1.254649235869447 1.5550838208589468 -5.4842841133731195
 0.066000 -1.3133624750029056 1.713760535291044 -5.66355585592535
 0.067000 -1.3646698931686725 1.8751382232903637 -5.844464327437027
 0.068000 -1.408683361219708 2.038527484929027 -6.027819598842099
 0.069000 -1.4457808246529507 2.20325283619637 -6.214022233098272
 0.070000 -1.4765025964771887 2.368682141672892 -6.403149034159441
 0.071000 -1.501470790637207 2.534240868523554 -6.595039330395872
 0.072000 -1.5213311245502028 2.699416260873427 -6.789372170221865
 0.073000 -1.5367138926744888 2.8637555406734805 -6.985729057935529
 0.074000 -1.5482099227900166 3.0268610061757073 -7.183641420727122
 0.075000 -1.5563574913137568 3.1883838837293084 -7.382624439432502
 0.076000 -1.5616368267902359 3.3480180436377083 -7.5821998342233465
 0.077000 -1.5644695957496706 3.5054941841734077 -7.781910286921432
 0.078000 -1.5652214647104559 3.6605747632066397 -7.98132785202732
 0.079000 -1.560411640950587 3.812978768708973 -8.182530816394216
 0.080000 -1.5304923690361916 3.9608033707114316 -8.396088839885357
 0.081000 -1.5031705203366141 4.104838513237972 -8.60456927444034
 0.082000 -1.4785752460107806 4.245235732578763 -8.808461888144905
 0.083000 -1.4567365837506452 4.382106982403862 -9.008059549493016
 0.084000 -1.4376331904006086 4.515532009485717 -9.20354921715705
 0.085000 -1.4212050834109482 4.645568831138874 -9.395042635896477
 0.086000 -1.4073642038941747 4.772261338113182 -9.582599622456655
 0.087000 -1.3960028859082008 4.895644788173399 -9.76624550245796
 0.088000 -1.3870005240851309 5.015749743563212 -9.945984028479272
 0.089000 -1.3802287249638154 5.132604865451697 -10.121806827602123
 0.090000 -1.375309165800827 5.246217488660008 -10.293828593444578
 0.091000 -1.3715015643232755 5.356578882408023 -10.462372580295867
 0.092000 -1.3683566807663454 5.463673547623351 -10.627575326170344
 0.093000 -1.3655228956182932 5.567485146408707 -10.789523256779471
 0.094000 -1.3627289721971025 5.6680007643941295 -10.948270114261643
 0.095000 -1.3597915603983661 5.765213658399773 -11.103834893035122
 0.096000 -1.356534315093271 5.859125442190674 -11.256253787584267
 0.097000 -1.3528504212105588 5.949746812718139 -11.405539405691666
 0.098000 -1.3486693318321368 6.037098181045259 -11.551700387901633
 0.099000 -1.3439498669309051 6.121209795485576 -11.694743802581922
 0.100000 -1.3386726428321085 6.2021214860617775 -11.834677685770426
 0.101000 -1.3328383800110177 6.279882346026952 -11.971510237877801
 0.102000 -1.326462905437819 6.3545502117940345 -12.105251054047173
 0.103000 -1.3195739288633745 6.42619103966949 -12.23591141309748
 0.104000 -1.312208397922017 6.494878218784933 -12.363504390421193
 0.105000 -1.3044107535085974 6.5606922552099505 -12.488043787757885
 0.106000 -1.2962303359627607 6.623719228178267 -12.609546213630207
 0.107000 -1.2877202594511847 6.6840503672851455 -12.7280301454678
 0.108000 -1.2789363162185396 6.741781403300692 -12.84351561933552
 0.109000 -1.2699360087297633 6.797011854549467 -12.956024151271155
 0.110000 -1.2607777487266818 6.849844335667825 -13.065578683799597
 0.111000 -1.2515201861776704 6.900383891979821 -13.172203563750813
 0.112000 -1.2422216370257575 6.948737361370036 -13.27592455420866
 0.113000 -1.2329395838399737 6.995012764525967 -13.376768880813941
 0.114000 -1.223730228082265 7.039318723697946 -13.474765310559409
 0.115000 -1.214648076836887 7.081763909624826 -13.569944259524865
 0.116000 -1.2057455506129204 7.122456515952379 -13.662337924626097
 0.117000 -1.1970726023078078 7.161503760291083 -13.751980433342368
 0.118000 -1.1886763406755263 7.19901141099308 -13.838908004514824
 0.119000 -1.1806006547231978 7.235083338748858 -13.923159112666983
 0.120000 -1.1728858383876417 7.269821092194782 -14.004774647888906
 0.121000 -1.1655682176211757 7.303323496865154 -14.083798063165915
 0.122000 -1.1586797846215142 7.335686277007142 -14.160275501131977
 0.123000 -1.152247846330818 7.367001699990205 -14.234255892604804
 0.124000 -1.1462946964389895 7.397358243279548 -14.305791019918708
 0.125000 -1.1408373218742358 7.426840284197745 -14.374935539007854
 0.126000 -1.1358871560559878 7.4555278129688105 -14.441746955386943
 0.127000 -1.1314498919221163 7.483496169821613 -14.506285550588498
 0.128000 -1.1275253678292185 7.510815807223132 -14.568614257190255
 0.129000 -1.1241075387811066 7.537552078616031 -14.628798482229946
 0.130000 -1.121184544011398 7.563765055344383 -14.686905880472942
 0.131000 -1.1187388797138238 7.589509373759782 -14.74300608058429
 0.132000 -1.1167476827067828 7.614834114796331 -14.797170368675193
 0.133000 -1.1151831271198678 7.639782718569599 -14.849471334875332
 0.134000 -1.1140129319391872 7.664392936769417 -14.899982489476992
 0.135000 -1.113200972641417 7.688696825750043 -14.948777855783801
 0.136000 -1.110931504719876 7.712687177820975 -14.996639609990162
 0.137000 -1.1077109284400675 7.73637186286912 -15.04333273916002
 0.138000 -1.1039353241921104 7.759731715968698 -15.088759332617759
 0.139000 -1.099937891856909 7.782759816367502 -15.132860645464994
 0.140000 -1.095988017382828 7.805457355040147 -15.175609496647075
 0.141000 -1.0922927509014206 7.827830439687922 -15.217003681093189
 0.142000 -1.089000279354229 7.849887639557117 -15.257060368252066
 0.143000 -1.0862050035047672 7.8716381165932106 -15.295811389091151
 0.144000 -1.0839538308733585 7.89309022462745 -15.333299313812226
 0.145000 -1.0822532992379166 7.914250487676789 -15.369574217886608
 0.146000 -1.0810771554859835 7.935122891804674 -15.40469103175457
 0.147000 -1.0803740351489017 7.955708442373442 -15.438707373239193
 0.148000 -1.0800749202297226 7.976004950312451 -15.471681772077778
 0.149000 -1.080100096515329 7.996007017977405 -15.50367221157309
 0.150000 -1.080365384556109 8.015706198317552 -15.534734930644628
 0.151000 -1.080787477935567 8.035091301574774 -15.564923447618696
 0.152000 -1.0812882847055993 8.054148822792527 -15.594287782443192
 0.153000 -1.081798229074688 8.072863462054613 -15.622873864995197
 0.154000 -1.0822585269626122 8.091218708416221 -15.650723123152476
 0.155000 -1.082622497819389 8.109197458456265 -15.677872245663908
 0.156000 -1.0828560139488652 8.126782641515177 -15.70435311262598
 0.157000 -1.0829372162724804 8.14395782598308 -15.730192881960754
 0.158000 -1.0828556418045063 8.160707784289407 -15.755414215137515
 0.159000 -1.0826109137519144 8.177018998228313 -15.78003562070079
 0.160000 -1.0822111414464808 8.192880090610906 -15.80407189079687
 0.161000 -1.081671166056857 8.20828217365581 -15.827534604246505
 0.162000 -1.081010771222345 8.223219108754435 -15.850432669839556
 0.163000 -1.0802529574142385 8.237687676087255 -15.87277288519231
 0.164000 -1.0794223568334214 8.251687655899403 -15.894560489320968
 0.165000 -1.0785438436049395 8.265221826009778 -15.915799690598007
 0.166000 -1.0776413732260732 8.278295882315547 -15.936494155563324
 0.167000 -1.0767370666186462 8.290918290688083 -15.956647447814436
 0.168000 -1.075850538359393 8.303100079782858 -15.976263409677252
 0.169000 -1.0749984560442762 8.314854584959498 -15.99534648241238
 0.170000 -1.074194308363848 8.32619715379191 -16.013901963297343
 0.171000 -1.0734483532002537 8.337144823602166 -16.031936200036732
 0.172000 -1.0727677136236031 8.347715981131152 -16.049456724635252
 0.173000 -1.072156588680869 8.3579300139196 -16.066472330176666
 0.174000 -1.0716165468862926 8.36780696226078 -16.082993094939095
 0.175000 -1.0711468728674594 8.377367179746052 -16.0990303590028
 0.176000 -1.070744941230674 8.38663100949357 -16.114596659007784
 0.177000 -1.0704065959510787 8.395618482163194 -16.129705627034923
 0.178000 -1.070126518085169 8.404349040845922 -16.144371859739294
 0.179000 -1.0698985690275946 8.412841296896431 -16.15861076388201
 0.180000 -1.0697161006415075 8.421112819773882 -16.17243838430639
 0.181000 -1.0695722272041437 8.42917996298317 -16.185871220198656
 0.182000 -1.0694600571189143 8.437057727278628 -16.198926035185963
 0.183000 -1.0693728847037756 8.444759661414928 -16.21161966646042
 0.184000 -1.0693043440812924 8.452297799911648 -16.223968837701147
 0.185000 -1.0692485283162965 8.459682636545907 -16.235989980101568
 0.186000 -1.069200077552687 8.46692313160748 -16.2476990653097
 0.187000 -1.0691542400902916 8.474026750347171 -16.259111453564948
 0.188000 -1.0691069102220676 8.480999529528809 -16.270241759768844
 0.189000 -1.0690546463261066 8.487846168562633 -16.281103739669042
 0.190000 -1.0689946722707455 8.494570141359034 -16.291710197766477
 0.191000 -1.068924864724642 8.50117382480061 -16.302072917983146
 0.192000 -1.0688437285279988 8.50765863959149 -16.312202617556935
 0.193000 -1.0687503619173557 8.514025199206912 -16.322108924065812
 0.194000 -1.0686444131273674 8.52027346273389 -16.331800374939597
 0.195000 -1.0685260297234127 8.526402887559698 -16.341284438298764
 0.196000 -1.0683958019406976 8.532412578127463 -16.35056755348149
 0.197000 -1.0682547013003671 8.538301427322494 -16.359655189192274
 0.198000 -1.0681040158172066 8.544068247473405 -16.368551916842986
 0.199000 -1.0679452831801046 8.549711888429599 -16.37726149636662
 0.200000 -1.067780223351105 8.555231340698839 -16.385786971580828
 0.201000 -1.0676106720687843 8.560625822176263 -16.394130772059103
 0.202000 -1.0674385167423053 8.565894847552514 -16.402294818450933
 0.203000 -1.0672656361707082 8.571038280036312 -16.410280628256643
 0.204000 -1.0670938454158665 8.57605636554949 -16.418089419224323
 0.205000 -1.066924846997407 8.580949750035195 -16.425722207775706
 0.206000 -1.0667601893690988 8.585719480950658 -16.43317990017173
 0.207000 -1.0666012333907369 8.590366994383913 -16.440463374495785
 0.208000 -1.0664491272378418 8.59489408953268 -16.447573551934497
 0.209000 -1.0663047899080036 8.599302892507616 -16.454511456263322
 0.210000 -1.0661689032015256 8.60359581157077 -16.461278260881514
 0.211000 -1.0660419117870208 8.607775485993415 -16.467875323166453
 0.212000 -1.0659240307221587 8.611844730719461 -16.474304206323378
 0.213000 -1.0658152595946337 8.615806478955712 -16.4805666892772
 0.214000 -1.065715402285384 8.619663724686916 -16.486664765476526
 0.215000 -1.0656240912398036 8.623419466939076 -16.49260063175297
 0.216000 -1.0655408150646644 8.627076657398185 -16.498376668591145
 0.217000 -1.0654649482484004 8.630638152745341 -16.50399541331704
 0.218000 -1.065395781827659 8.63410667279949 -16.509459527803713
 0.219000 -1.065332553889011 8.637484765280789 -16.514771762323253
 0.220000 -1.0652744788963155 8.640774777725284 -16.519934917151282
 0.221000 -1.065220774963621 8.643978836808678 -16.524951803453778
 0.222000 -1.065170688344743 8.647098835078005 -16.529825204870512
 0.223000 -1.065123514574442 8.65013642485436 -16.534557841052763
 0.224000 -1.0650786158667407 8.653093018861355 -16.539152334234256
 0.225000 -1.0650354345446271 8.655969796958473 -16.543611179711284
 0.226000 -1.064993502437044 8.658767718217966 -16.547936720896992
 0.227000 -1.0649524463275295 8.661487537480333 -16.552131129400074
 0.228000 -1.0649119896696746 8.664129825457358 -16.55619639036621
 0.229000 -1.0648719508948317 8.666694991421458 -16.56013429312176
 0.230000 -1.06483223872471 8.66918330752462 -16.563946426975406
 0.231000 -1.0647928449646256 8.671594933825176 -16.567634181871334
 0.232000 -1.064753835292763 8.673929943163614 -16.57119875345119
 0.233000 -1.0647153385772214 8.676188345113971 -16.574641151971605
 0.234000 -1.064677535248087 8.678370108340602 -16.577962214443
 0.235000 -1.0646406452290356 8.680475180806411 -16.581162619305264
 0.236000 -1.0646049158937405 8.682503507402615 -16.584242902929038
 0.237000 -1.064570610461734 8.684455044696506 -16.587203477238155
 0.238000 -1.0645379971874656 8.686329772619146 -16.590044647772245
 0.239000 -1.0645073396301323 8.688127703033274 -16.592766631558337
 0.240000 -1.0644788882227432 8.689848885231598 -16.59536957422638
 0.241000 -1.064452873289248 8.691493408512919 -16.59785356588003
 0.242000 -1.0644294995921382 8.693061402065453 -16.600218655325577
 0.243000 -1.0644089424303278 8.694553032454046 -16.60246486235362
 0.244000 -1.0643913452511036 8.695968499057173 -16.60459218786379
 0.245000 -1.064376818691494 8.697308027832683 -16.606600621717735
 0.246000 -1.0643654409240186 8.698571863807565 -16.60849014829248
 0.247000 -1.064357259150323 8.699760262688457 -16.610260749786896
 0.248000 -1.0643522920640094 8.70087348197621 -16.611912407406805
 0.249000 -1.0643505330895155 8.701911771944104 -16.613445100608466
 0.250000 -1.06435195419922 8.702875366803475 -16.614858804633254
 0.251000 -1.064362789630709 8.703753172732725 -16.61612627540624
 0.252000 -1.0644000464944687 8.704515718210288 -16.61717469420494
 0.253000 -1.0644877640870827 8.70512247448088 -16.617901381206533
 0.254000 -1.0646530752833891 8.70552715919925 -16.61818615445493
 0.255000 -1.0649225694231284 8.705681418729235 -16.617900809687146
 0.256000 -1.0653193086703727 8.705537233717344 -16.616916146981794
 0.257000 -1.0658607015463994 8.705048345492997 -16.615106935371863
 0.258000 -1.0665573033285958 8.704170957094526 -16.612355176470896
 0.259000 -1.06741250284536 8.70286392216925 -16.608551997933464
 0.260000 -1.0684229737668252 8.701088597665212 -16.603598475210177
 0.261000 -1.0695797168658976 8.698808502159068 -16.59740564548118
 0.262000 -1.0708694960450513 8.695988890861855 -16.589893941816175
 0.263000 -1.0722764712509594 8.69259633080474 -16.580992239851057
 0.264000 -1.0737838504915131 8.688598335415008 -16.570636674848586
 0.265000 -1.075375415206467 8.683963096635473 -16.558769354907472
 0.266000 -1.0770368124401395 8.678659334897354 -16.54533706694798
 0.267000 -1.0787565483860027 8.672656272590814 -16.530290046277027
 0.268000 -1.0805266566026608 8.665923725112151 -16.51358085814966
 0.269000 -1.0823430473674431 8.658432294968108 -16.49516342077438
 0.270000 -1.084205570285011 8.650153648590113 -16.474992183543648
 0.271000 -1.0861178396105877 8.641060852186662 -16.453021461732988
 0.272000 -1.0880868809772906 8.631128741819197 -16.42920491928028
 0.273000 -1.090122660286302 8.620334303559432 -16.40349518427568
 0.274000 -1.0922375518657008 8.60865704168414 -16.375843577177356
 0.275000 -1.094445795292268 8.596079315997521 -16.346199929206836
 0.276000 -1.0967629801651126 8.582586633167367 -16.3145124675546
 0.277000 -1.0992055871116175 8.56816788107895 -16.280727744615604
 0.278000 -1.101790602603879 8.55281549935846 -16.24479059017387
 0.279000 -1.1045352156356774 8.536525583153924 -16.206644067953526
 0.280000 -1.107456596491392 8.519297920804746 -16.16622942100235
 0.281000 -1.1105717519545255 8.501135969053735 -16.123485993712976
 0.282000 -1.1138974473403085 8.482046771883205 -16.0783511217194
 0.283000 -1.1174501835022161 8.462040830861334 -16.030759984257312
 0.284000 -1.1212462161583485 8.441131936075593 -15.980645416709375
 0.285000 -1.1253016051665878 8.419336967347178 -15.927937683871527
 0.286000 -1.1325796885302304 8.396605385069861 -15.871630710725874
 0.287000 -1.142225920729678 8.373141610486357 -15.811811821633281
 0.288000 -1.1533776495328945 8.349036617220655 -15.748656290187153
 0.289000 -1.1653106086701854 8.32434728212926 -15.682290718405705
 0.290000 -1.1774651821579283 8.299103724632843 -15.612794541955758
 0.291000 -1.1894502901257495 8.273316752075814 -15.540201344421147
 0.292000 -1.2010309460549078 8.246984881120966 -15.464501190266953
 0.293000 -1.2121054543065521 8.220100499555485 -15.38564452000362
 0.294000 -1.2226774891461747 8.19265490174233 -15.303547441608268
 0.295000 -1.2328271978966547 8.164642105905493 -15.218097837134579
 0.296000 -1.2426842655409043 8.1360615035222 -15.12916159142149
 0.297000 -1.2524047532058606 8.106919484763111 -15.036588352245722
 0.298000 -1.2621525845516686 8.077230230576447 -14.940216436297508
 0.299000 -1.2720858423875163 8.04701587192892 -14.839876712683202
 0.300000 -1.2823475488379459 8.016306202572892 -14.735395472064196
 0.301000 -1.2930603074700893 7.985138104736549 -14.626596405550343
 0.302000 -1.3043240460200354 7.953554815576872 -14.513301876038458
 0.303000 -1.3162160734128832 7.921605131280991 -14.39533367957267
 0.304000 -1.3287927178550705 7.889342618116721 -14.27251348151643
 0.305000 -1.3420919128574504 7.856824876655942 -14.144663085457093
 0.306000 -1.3180753858231862 7.824908329430535 -14.036901311682534
 0.307000 -1.2625426377913882 7.789801638707878 -13.941040565075681
 0.308000 -1.2057341695911963 7.751387034158348 -13.839245335191407
 0.309000 -1.1482660663839472 7.710128174983417 -13.73261797037276
 0.310000 -1.0905893556955313 7.666385819700217 -13.622016223864422
 0.311000 -1.0510809817042048 7.619843220063061 -13.558719093816539
 0.312000 -1.0367180680303445 7.567921847559042 -13.4871915330097
 0.313000 -1.0411157901627597 7.511639935381503 -13.409627708970135
 0.314000 -1.0589948756177894 7.451892067592631 -13.32728295253817
 0.315000 -1.0861470319782516 7.389464070915267 -13.240960492571155
 0.316000 -1.0894155714872518 7.324616201520456 -13.150951456967666
 0.317000 -1.0927615889716287 7.258209536508538 -13.058560689672587
 0.318000 -1.0961674338210465 7.190730134642756 -12.964444991362146
 0.319000 -1.09961318154327 7.122577444924978 -12.869151962519341
 0.320000 -1.1030826306567343 7.054074848792034 -12.77312779031389
 0.321000 -1.1065628460109431 6.985479246650101 -12.676729525548495
 0.322000 -1.1088248395750016 6.9170632908140774 -12.579273150049323
 0.323000 -1.1072507758436758 6.849177133822188 -12.478961526160221
 0.324000 -1.1000454447887935 6.782160552093359 -12.374693739799726
 0.325000 -1.0860038649796673 6.716319724761334 -12.265833035739437
 0.326000 -1.0643464158192921 6.651914929335291 -12.152045581403112
 0.327000 -1.0346011874754655 6.589155361082405 -12.033190450119973
 0.328000 -0.9965197108020007 6.528198663611796 -11.909245416214503
 0.329000 -0.9500163099640084 6.469153491613412 -11.780257706168658
 0.330000 -0.8951242044335685 6.412083929268761 -11.646312059061753
 0.331000 -0.8553353495553992 6.354921681811781 -11.554214220224896
 0.332000 -0.8577023182601374 6.296365385284851 -11.46938929699543
 0.333000 -0.860818453795301 6.236585556040552 -11.382698803480306
 0.334000 -0.8718182582752527 6.175858684022252 -11.29441413640296
 0.335000 -0.9107837156472469 6.117615292636145 -11.20258008757547
 0.336000 -0.9138666015083734 6.057343246731527 -11.114517538448887
 0.337000 -0.9170543303303801 5.995901907996526 -11.024587596204727
 0.338000 -0.9202973060229935 5.933495082593431 -10.933026688261979
 0.339000 -0.9235869556645364 5.870292986482362 -10.840074172185066
 0.340000 -0.9269159347735496 5.806442362725335 -10.74593703067858
 0.341000 -0.9302779829474375 5.742068179973032 -10.650791986436637
 0.342000 -0.9336678365815634 5.677275437353494 -10.554787845499039
 0.343000 -0.9370811387940747 5.612151024832791 -10.458047942302214
 0.344000 -0.9405143488412206 5.5467655885461795 -10.360672617649563
 0.345000 -0.9439646529560503 5.481175360469663 -10.262741673133295
 0.346000 -0.947429878151077 5.415423920518947 -10.164316756492237
 0.347000 -0.950908410179571 5.349543866802051 -10.065443642160059
 0.348000 -0.9543991165452177 5.283558376398624 -9.966154379929161
 0.349000 -0.9579012751847341 5.217482644765283 -9.866469292286641
 0.350000 -0.9614145092179354 5.151325196745006 -9.766398807628903
 0.351000 -0.9649387279635274 5.085089066254923 -9.66594512228042
 0.352000 -0.9684740742538227 5.0187728451074705 -9.565103689083529
 0.353000 -0.9720208779451649 4.952371604150123 -9.463864534346499
 0.354000 -0.9755796154116618 4.885877692051835 -9.36221340819467
 0.355000 -0.9791508747239244 4.81928141868503 -9.260132775931279
 0.356000 -0.9827353261513607 4.752571631210522 -9.157602659943644
 0.357000 -0.9863336975823986 4.68573619173182 -9.054601343058243
 0.358000 -0.9899467544296883 4.618762365799874 -8.951105945123206
 0.359000 -0.9935752835749034 4.55163713117701 -8.847092885046346
 0.360000 -0.9972200809073821 4.484347416157597 -8.742538240608368
 0.361000 -1.0008819420204413 4.4168802764425905 -8.637418018166326
 0.362000 -1.0045616556472712 4.349223019115982 -8.531708343919778
 0.363000 -1.008259999441856 4.28136328171346 -8.42538558778676
 0.364000 -1.0119777377393377 4.213289073738899 -8.31842643017377
 0.365000 -1.0157156209611058 4.14498878730361 -8.210807881070373
 0.366000 -1.0194743863636284 4.076451182860119 -8.102507259986785
 0.367000 -1.0232547598635002 4.0076653552972346 -7.993502144317874
 0.368000 -1.0270574587049028 3.9386206849744525 -7.8837702927822395
 0.369000 -1.0308831947684745 3.8693067776116408 -7.773289549672789
 0.370000 -1.0347326783511417 3.799713396327988 -7.662037734783075
 0.371000 -1.038606622276272 3.7298303885455653 -7.549992523050488
 0.372000 -1.042505746219694 3.6596476099454875 -7.437131317196603
 0.373000 -1.0464307811623224 3.5891548471887305 -7.3234311159466925
 0.374000 -1.050382473901259 3.518341740690005 -7.208868379782747
 0.375000 -1.0543615915717897 3.4471977083624097 -7.093418895621049
 0.376000 -1.0583689261489078 3.3757118709283205 -6.977057641312021
 0.377000 -1.062405298912407 3.3038729791173367 -6.859758650426976
 0.378000 -1.066471564872113 3.2316693428398366 -6.741494877423454
 0.379000 -1.0705709654735653 3.1590906217756327 -6.622239780247051
 0.380000 -1.0747026670231565 3.0861233697254775 -6.501962533578634
 0.381000 -1.0788671647713979 3.0127529691798216 -6.380631470609234
 0.382000 -1.083065496722714 2.9389652738571996 -6.258213843481055
 0.383000 -1.087298756646618 2.864745367866213 -6.134675146667279
 0.384000 -1.091568098747202 2.7900774992294117 -6.00997897026952
 0.385000 -1.0958747424908195 2.714945012296589 -5.884086847706951
 0.386000 -1.1002199776393402 2.6393302783160237 -5.756958096308727
 0.387000 -1.1046051695405645 2.5632146233930726 -5.628549649206301
 0.388000 -1.10903176473068 2.486578253031425 -5.498815876803733
 0.389000 -1.1135012969075055 2.4094001724177687 -5.367708395978398
 0.390000 -1.1180153933370967 2.331658101574483 -5.235175865028106
 0.391000 -1.1225757817604758 2.2533283844630674 -5.101163762227683
 0.392000 -1.1271842978728333 2.174385891073406 -4.965614145681377
 0.393000 -1.1318428934528573 2.094803911475026 -4.828465391955378
 0.394000 -1.136553645227197 2.014554040737856 -4.689651910736941
 0.395000 -1.141318764562901 1.9336060535461925 -4.549103832490766
 0.396000 -1.1461406080902146 1.8519277672304355 -4.406746665760149
 0.397000 -1.1510216893691658 1.7694848918237795 -4.262500920383799
 0.398000 -1.155964691726362 1.6862408656126533 -4.116281692459652
 0.399000 -1.160972482403352 1.602156674487766 -3.9679982063758956
 0.400000 -1.1660481281753603 1.5171906532146622 -3.817553308634304
 0.401000 -1.1711949126197423 1.431298266523875 -3.6648429074991076
 0.402000 -1.1764163552368037 1.3444318676693712 -3.509755351701262
 0.403000 -1.1817162326530477 1.2565404318127023 -3.3521707404939955
 0.404000 -1.1870986021685683 1.1675692612572703 -3.191960156270121
 0.405000 -1.1924826030992053 1.0774588167854589 -3.028983284218381
 0.406000 -1.197763157524286 0.9861447296138124 -2.863088104059671
 0.407000 -1.2028610402308464 0.8935578694695181 -2.6941106591802524
 0.408000 -1.2077187614942164 0.799623970618299 -2.521873991325235
 0.409000 -1.2122970594192337 0.7042631846815937 -2.346186891601393
 0.410000 -1.2165868658259227 0.6073918590419467 -2.1668253630872973
 0.411000 -1.2227063027825322 0.5089362976190372 -1.9836208095070043
 0.412000 -1.2289550593022933 0.408785203394757 -1.7963091550304127
 0.413000 -1.2353414420548219 0.3068306037722479 -1.6046261475127732
 0.414000 -1.241874464916942 0.20295538034110905 -1.4082834326212441
 0.415000 -1.24856396628853 0.09703229934788737 -1.2069657983673217
 0.416000 -1.2554207038154945 -0.011077067886063219 -1.0003280260323213
 0.417000 -1.2624564617476386 -0.12152355535187098 -0.7879913063069631
 0.418000 -1.2696841729100388 -0.23447176017742777 -0.5695391531511474
 0.419000 -1.2757561440691356 -0.34909888069566364 -0.3832881345002015
 0.420000 -1.2758660757141893 -0.34881280093067346 -0.38324141636610554
 0.421000 -1.2758660757141893 -0.34881280093067346 -0.3832414163661055
 0.422000 -1.2758660757141898 -0.34881280093067346 -0.3832414163661044
 0.423000 -1.2758660757141898 -0.34881280093067346 -0.3832414163661048
 0.424000 -1.2758660757141898 -0.34881280093067346 -0.3832414163661049
 0.425000 -1.2758660757141898 -0.34881280093067346 -0.3832414163661047
 0.426000 -1.2758660757141904 -0.34881280093067346 -0.38324141636610437
 0.427000 -1.2758660757141906 -0.34881280093067346 -0.38324141636610415
 0.428000 -1.2758660757141909 -0.34881280093067346 -0.383241416366104
 0.429000 -1.2758660757141909 -0.34881280093067346 -0.3832414163661032
 0.430000 -1.2758660757141909 -0.34881280093067346 -0.3832414163661028
 0.431000 -1.2758660757141906 -0.34881280093067346 -0.3832414163661031
 0.432000 -1.2758660757141904 -0.34881280093067346 -0.3832414163661032
 0.433000 -1.2758660757141904 -0.34881280093067346 -0.3832414163661032
 0.434000 -1.2758660757141904 -0.34881280093067346 -0.38324141636610326
 0.435000 -1.27586607571419 -0.34881280093067346 -0.38324141636610354
 0.436000 -1.27586607571419 -0.34881280093067346 -0.3832414163661032
 0.437000 -1.2758660757141902 -0.34881280093067346 -0.3832414163661033
 0.438000 -1.27586607571419 -0.34881280093067346 -0.38324141636610354
 0.439000 -1.27586607571419 -0.34881280093067346 -0.38324141636610365
 0.440000 -1.27586607571419 -0.34881280093067346 -0.38324141636610376
 0.441000 -1.2758660757141902 -0.34881280093067346 -0.3832414163661041
 0.442000 -1.2758660757141902 -0.34881280093067346 -0.383241416366104
 0.443000 -1.2758660757141906 -0.34881280093067346 -0.38324141636610365
 0.444000 -1.2758660757141904 -0.34881280093067346 -0.38324141636610415
 0.445000 -1.2758660757141909 -0.34881280093067346 -0.3832414163661043
 0.446000 -1.2758660757141909 -0.34881280093067346 -0.3832414163661044
 0.447000 -1.2758660757141909 -0.34881280093067346 -0.38324141636610437
 0.448000 -1.2758660757141913 -0.34881280093067346 -0.38324141636610515
 0.449000 -1.2758660757141913 -0.34881280093067346 -0.38324141636610465
 0.450000 -1.2758660757141909 -0.34881280093067346 -0.38324141636610415
 0.451000 -1.2758660757141913 -0.34881280093067346 -0.3832414163661045
 0.452000 -1.2758660757141909 -0.34881280093067346 -0.38324141636610476
 0.453000 -1.2758660757141913 -0.34881280093067346 -0.3832414163661046
 0.454000 -1.2758660757141913 -0.34881280093067346 -0.38324141636610465
 0.455000 -1.2758660757141909 -0.34881280093067346 -0.38324141636610476
 0.456000 -1.275866075714191 -0.34881280093067346 -0.3832414163661051
 0.457000 -1.2758660757141913 -0.34881280093067346 -0.38324141636610476
 0.458000 -1.2758660757141913 -0.34881280093067346 -0.3832414163661051
 0.459000 -1.275866075714191 -0.34881280093067346 -0.3832414163661061
 0.460000 -1.2758660757141906 -0.34881280093067346 -0.38324141636610565
 0.461000 -1.2758660757141904 -0.34881280093067346 -0.3832414163661064
 0.462000 -1.2758660757141906 -0.34881280093067346 -0.3832414163661069
 0.463000 -1.2758660757141909 -0.34881280093067346 -0.38324141636610737
 0.464000 -1.2758660757141906 -0.34881280093067346 -0.38324141636610715
 0.465000 -1.2758660757141906 -0.34881280093067346 -0.3832414163661078
 0.466000 -1.2758660757141904 -0.34881280093067346 -0.38324141636610703
 0.467000 -1.2758660757141904 -0.34881280093067346 -0.383241416366107
 0.468000 -1.2758660757141909 -0.34881280093067346 -0.38324141636610726
 0.469000 -1.2758660757141909 -0.34881280093067346 -0.3832414163661066
 0.470000 -1.2758660757141913 -0.34881280093067346 -0.38324141636610604
 0.471000 -1.2758660757141913 -0.34881280093067346 -0.3832414163661062
 0.472000 -1.2758660757141915 -0.34881280093067346 -0.3832414163661054
 0.473000 -1.2758660757141915 -0.34881280093067346 -0.3832414163661066
 0.474000 -1.2758660757141915 -0.34881280093067346 -0.38324141636610654
 0.475000 -1.2758660757141917 -0.34881280093067346 -0.3832414163661068
 0.476000 -1.2758660757141913 -0.34881280093067346 -0.38324141636610687
 0.477000 -1.275866075714191 -0.34881280093067346 -0.3832414163661071
 0.478000 -1.275866075714191 -0.34881280093067346 -0.3832414163661075
 0.479000 -1.2758660757141913 -0.34881280093067346 -0.38324141636610776
 0.480000 -1.2758660757141913 -0.34881280093067346 -0.3832414163661076
 0.481000 -1.275866075714191 -0.34881280093067346 -0.38324141636610776
 0.482000 -1.2758660757141913 -0.34881280093067346 -0.38324141636610776
 0.483000 -1.2758660757141906 -0.34881280093067346 -0.3832414163661075
 0.484000 -1.2758660757141909 -0.34881280093067346 -0.3832414163661072
 0.485000 -1.2758660757141906 -0.34881280093067346 -0.3832414163661074
 0.486000 -1.2758660757141909 -0.34881280093067346 -0.3832414163661068
 0.487000 -1.2758660757141909 -0.34881280093067346 -0.3832414163661073
 0.488000 -1.2758660757141913 -0.34881280093067346 -0.3832414163661066
 0.489000 -1.275866075714191 -0.34881280093067346 -0.3832414163661073
 0.490000 -1.2758660757141913 -0.34881280093067346 -0.3832414163661069
 0.491000 -1.2758660757141917 -0.34881280093067346 -0.3832414163661063
 0.492000 -1.2758660757141917 -0.34881280093067346 -0.38324141636610576
 0.493000 -1.275866075714192 -0.34881280093067346 -0.38324141636610537
 0.494000 -1.2758660757141922 -0.34881280093067346 -0.3832414163661061
 0.495000 -1.2758660757141922 -0.34881280093067346 -0.3832414163661058
 0.496000 -1.2758660757141924 -0.34881280093067346 -0.383241416366106
 0.497000 -1.275866075714192 -0.34881280093067346 -0.3832414163661053
 0.498000 -1.275866075714192 -0.34881280093067346 -0.38324141636610615
 0.499000 -1.275866075714192 -0.34881280093067346 -0.38324141636610615
 0.500000 -1.2758660757141924 -0.34881280093067346 -0.3832414163661064
